0.095556 0.068889 0.122222 0.068889 0.082222 0.082222 0.108889 0.122222 0.055556 0.068889 0.055556 0.068889 
0.099462 0.067204 0.099462 0.099462 0.099462 0.083333 0.083333 0.083333 0.067204 0.083333 0.067204 0.067204 
0.053419 0.079060 0.053419 0.143162 0.066239 0.066239 0.053419 0.066239 0.066239 0.079060 0.168803 0.104701 
0.132937 0.073413 0.049603 0.061508 0.073413 0.097222 0.073413 0.109127 0.073413 0.097222 0.085317 0.073413 
0.055556 0.055556 0.055556 0.082222 0.068889 0.162222 0.108889 0.055556 0.108889 0.055556 0.068889 0.122222 
0.066138 0.082011 0.066138 0.066138 0.097884 0.097884 0.066138 0.097884 0.066138 0.082011 0.097884 0.113757 
0.069820 0.096847 0.083333 0.110360 0.083333 0.083333 0.096847 0.069820 0.110360 0.056306 0.056306 0.083333 
0.086854 0.058685 0.086854 0.058685 0.086854 0.072770 0.086854 0.143192 0.086854 0.058685 0.072770 0.100939 
0.088477 0.063786 0.051440 0.076132 0.088477 0.088477 0.063786 0.076132 0.100823 0.076132 0.125514 0.100823 
0.110442 0.062249 0.086345 0.086345 0.086345 0.074297 0.086345 0.074297 0.098394 0.086345 0.098394 0.050201 
0.051440 0.100823 0.063786 0.125514 0.063786 0.100823 0.076132 0.137860 0.063786 0.063786 0.076132 0.076132 
0.083333 0.118217 0.094961 0.083333 0.060078 0.048450 0.118217 0.060078 0.048450 0.071705 0.060078 0.153101 
0.102778 0.069444 0.102778 0.069444 0.069444 0.086111 0.086111 0.086111 0.069444 0.069444 0.069444 0.119444 
0.050813 0.123984 0.111789 0.050813 0.075203 0.111789 0.063008 0.075203 0.075203 0.111789 0.075203 0.075203 
0.123984 0.099593 0.075203 0.087398 0.050813 0.087398 0.099593 0.063008 0.075203 0.075203 0.063008 0.099593 
0.068519 0.112963 0.101852 0.090741 0.079630 0.046296 0.090741 0.068519 0.112963 0.068519 0.068519 0.090741 
0.066138 0.145503 0.066138 0.066138 0.066138 0.066138 0.066138 0.066138 0.082011 0.097884 0.145503 0.066138 
0.047893 0.082375 0.082375 0.105364 0.070881 0.082375 0.082375 0.059387 0.139847 0.059387 0.093870 0.093870 
0.081439 0.058712 0.081439 0.172348 0.115530 0.070076 0.058712 0.070076 0.081439 0.058712 0.081439 0.070076 
0.062249 0.122490 0.110442 0.050201 0.050201 0.074297 0.122490 0.062249 0.062249 0.062249 0.146586 0.074297 
0.084314 0.060784 0.107843 0.060784 0.072549 0.060784 0.072549 0.119608 0.096078 0.060784 0.107843 0.096078 
0.079487 0.064103 0.094872 0.064103 0.110256 0.094872 0.079487 0.064103 0.079487 0.064103 0.079487 0.125641 
0.070776 0.057078 0.098174 0.070776 0.125571 0.070776 0.084475 0.125571 0.070776 0.070776 0.057078 0.098174 
0.098174 0.084475 0.125571 0.057078 0.070776 0.057078 0.084475 0.070776 0.084475 0.098174 0.084475 0.084475 
0.103376 0.090717 0.090717 0.103376 0.090717 0.065401 0.078059 0.052743 0.078059 0.078059 0.065401 0.103376 
0.055556 0.055556 0.130824 0.098566 0.077061 0.044803 0.087814 0.044803 0.087814 0.120072 0.087814 0.109319 
0.078755 0.045788 0.067766 0.089744 0.089744 0.089744 0.078755 0.078755 0.067766 0.122711 0.078755 0.111722 
0.047348 0.104167 0.081439 0.081439 0.115530 0.058712 0.104167 0.070076 0.081439 0.092803 0.058712 0.104167 
0.062249 0.074297 0.074297 0.086345 0.050201 0.074297 0.098394 0.134538 0.086345 0.062249 0.098394 0.098394 
0.069288 0.091760 0.114232 0.091760 0.069288 0.102996 0.046816 0.058052 0.125468 0.080524 0.058052 0.091760 
0.081439 0.047348 0.138258 0.058712 0.058712 0.138258 0.092803 0.092803 0.081439 0.081439 0.081439 0.047348 
0.132850 0.089372 0.089372 0.089372 0.074879 0.074879 0.074879 0.103865 0.060386 0.074879 0.060386 0.074879 
0.107843 0.154902 0.107843 0.049020 0.060784 0.084314 0.143137 0.049020 0.060784 0.060784 0.049020 0.072549 
0.098394 0.062249 0.146586 0.086345 0.062249 0.062249 0.062249 0.086345 0.098394 0.062249 0.086345 0.086345 
0.071705 0.071705 0.048450 0.083333 0.083333 0.083333 0.094961 0.071705 0.094961 0.083333 0.094961 0.118217 
0.063786 0.113169 0.137860 0.088477 0.076132 0.088477 0.051440 0.063786 0.076132 0.063786 0.076132 0.100823 
0.100939 0.086854 0.086854 0.100939 0.072770 0.072770 0.086854 0.058685 0.058685 0.072770 0.100939 0.100939 
0.089583 0.077083 0.127083 0.089583 0.089583 0.052083 0.064583 0.114583 0.064583 0.064583 0.052083 0.114583 
0.069444 0.119444 0.069444 0.069444 0.069444 0.102778 0.086111 0.069444 0.086111 0.069444 0.086111 0.102778 
0.065401 0.090717 0.078059 0.078059 0.103376 0.065401 0.166667 0.052743 0.078059 0.052743 0.065401 0.103376 
0.076132 0.113169 0.088477 0.063786 0.063786 0.051440 0.051440 0.088477 0.125514 0.113169 0.088477 0.076132 
0.085648 0.071759 0.071759 0.155093 0.071759 0.113426 0.071759 0.057870 0.085648 0.085648 0.057870 0.071759 
0.065104 0.127604 0.096354 0.096354 0.065104 0.065104 0.080729 0.065104 0.080729 0.096354 0.080729 0.080729 
0.059387 0.082375 0.059387 0.070881 0.116858 0.070881 0.070881 0.093870 0.059387 0.105364 0.116858 0.093870 
0.092040 0.151741 0.062189 0.077114 0.062189 0.062189 0.077114 0.077114 0.062189 0.106965 0.077114 0.092040 
0.065401 0.090717 0.078059 0.078059 0.065401 0.065401 0.103376 0.078059 0.116034 0.090717 0.078059 0.090717 
0.076132 0.088477 0.100823 0.063786 0.063786 0.088477 0.063786 0.063786 0.063786 0.100823 0.063786 0.162551 
0.057078 0.057078 0.070776 0.098174 0.070776 0.098174 0.139269 0.098174 0.084475 0.070776 0.098174 0.057078 
0.093074 0.067100 0.067100 0.119048 0.067100 0.080087 0.067100 0.093074 0.093074 0.067100 0.093074 0.093074 
0.052743 0.078059 0.065401 0.141350 0.116034 0.090717 0.078059 0.065401 0.052743 0.090717 0.065401 0.103376 
0.049603 0.097222 0.085317 0.061508 0.097222 0.073413 0.061508 0.097222 0.132937 0.097222 0.073413 0.073413 
0.086854 0.072770 0.058685 0.072770 0.129108 0.115023 0.072770 0.086854 0.072770 0.058685 0.072770 0.100939 
0.160569 0.050813 0.063008 0.099593 0.063008 0.075203 0.063008 0.160569 0.087398 0.063008 0.050813 0.063008 
0.097222 0.073413 0.097222 0.097222 0.085317 0.073413 0.097222 0.073413 0.049603 0.097222 0.097222 0.061508 
0.063131 0.063131 0.063131 0.108586 0.093434 0.063131 0.063131 0.093434 0.093434 0.108586 0.123737 0.063131 
0.091880 0.104701 0.117521 0.079060 0.079060 0.091880 0.079060 0.079060 0.104701 0.066239 0.053419 0.053419 
0.105392 0.090686 0.090686 0.090686 0.090686 0.090686 0.090686 0.075980 0.061275 0.090686 0.061275 0.061275 
0.089583 0.064583 0.052083 0.202083 0.089583 0.077083 0.064583 0.052083 0.102083 0.064583 0.089583 0.052083 
0.058712 0.115530 0.126894 0.047348 0.104167 0.070076 0.115530 0.047348 0.058712 0.070076 0.115530 0.070076 
0.090686 0.075980 0.090686 0.105392 0.061275 0.105392 0.090686 0.075980 0.075980 0.090686 0.061275 0.075980 
0.065401 0.078059 0.065401 0.090717 0.065401 0.103376 0.078059 0.078059 0.078059 0.090717 0.103376 0.103376 
0.111979 0.096354 0.065104 0.080729 0.065104 0.065104 0.080729 0.080729 0.080729 0.096354 0.080729 0.096354 
0.075203 0.063008 0.075203 0.075203 0.111789 0.123984 0.063008 0.111789 0.063008 0.099593 0.087398 0.050813 
0.163082 0.055556 0.055556 0.077061 0.077061 0.055556 0.077061 0.120072 0.055556 0.120072 0.098566 0.044803 
0.083333 0.060078 0.106589 0.083333 0.060078 0.071705 0.071705 0.106589 0.083333 0.141473 0.060078 0.071705 
0.052743 0.065401 0.078059 0.116034 0.065401 0.116034 0.090717 0.065401 0.103376 0.065401 0.090717 0.090717 
0.075203 0.087398 0.063008 0.099593 0.075203 0.099593 0.063008 0.063008 0.111789 0.123984 0.087398 0.050813 
0.119608 0.049020 0.084314 0.060784 0.049020 0.119608 0.107843 0.060784 0.072549 0.096078 0.049020 0.131373 
0.069288 0.136704 0.080524 0.125468 0.102996 0.080524 0.080524 0.058052 0.058052 0.080524 0.069288 0.058052 
0.107456 0.067982 0.081140 0.107456 0.081140 0.067982 0.067982 0.067982 0.081140 0.094298 0.081140 0.094298 
0.085317 0.061508 0.061508 0.073413 0.085317 0.109127 0.097222 0.049603 0.144841 0.097222 0.061508 0.073413 
0.058712 0.070076 0.070076 0.126894 0.070076 0.070076 0.115530 0.104167 0.070076 0.070076 0.092803 0.081439 
0.104167 0.138258 0.070076 0.058712 0.081439 0.070076 0.092803 0.058712 0.092803 0.104167 0.070076 0.058712 
0.110442 0.050201 0.086345 0.074297 0.134538 0.074297 0.098394 0.062249 0.110442 0.086345 0.050201 0.062249 
0.061508 0.097222 0.061508 0.121032 0.085317 0.061508 0.121032 0.073413 0.049603 0.109127 0.049603 0.109127 
0.084314 0.072549 0.084314 0.049020 0.107843 0.131373 0.060784 0.084314 0.143137 0.049020 0.072549 0.060784 
0.108889 0.095556 0.068889 0.068889 0.082222 0.095556 0.068889 0.082222 0.082222 0.108889 0.068889 0.068889 
0.118217 0.118217 0.071705 0.071705 0.071705 0.071705 0.060078 0.071705 0.118217 0.083333 0.083333 0.060078 
0.099537 0.057870 0.057870 0.085648 0.099537 0.071759 0.071759 0.057870 0.071759 0.113426 0.057870 0.155093 
0.100733 0.067766 0.100733 0.056777 0.067766 0.100733 0.089744 0.078755 0.078755 0.089744 0.056777 0.111722 
0.110507 0.088768 0.056159 0.143116 0.045290 0.110507 0.077899 0.056159 0.056159 0.110507 0.067029 0.077899 
0.085317 0.097222 0.132937 0.061508 0.097222 0.049603 0.061508 0.061508 0.085317 0.109127 0.097222 0.061508 
0.101852 0.090741 0.057407 0.079630 0.068519 0.057407 0.057407 0.101852 0.101852 0.135185 0.090741 0.057407 
0.102083 0.102083 0.077083 0.052083 0.064583 0.127083 0.064583 0.064583 0.089583 0.089583 0.064583 0.102083 
0.110507 0.067029 0.067029 0.077899 0.077899 0.056159 0.110507 0.110507 0.088768 0.077899 0.045290 0.110507 
0.059387 0.105364 0.059387 0.139847 0.082375 0.082375 0.059387 0.059387 0.070881 0.059387 0.139847 0.082375 
0.067100 0.080087 0.080087 0.080087 0.093074 0.093074 0.080087 0.080087 0.119048 0.067100 0.067100 0.093074 
0.099537 0.099537 0.071759 0.127315 0.057870 0.099537 0.085648 0.057870 0.071759 0.071759 0.057870 0.099537 
0.141350 0.052743 0.090717 0.078059 0.078059 0.103376 0.078059 0.052743 0.078059 0.103376 0.090717 0.052743 
0.053419 0.066239 0.117521 0.079060 0.066239 0.117521 0.053419 0.053419 0.066239 0.117521 0.079060 0.130342 
0.115530 0.070076 0.047348 0.104167 0.058712 0.081439 0.115530 0.081439 0.070076 0.070076 0.070076 0.115530 
0.073810 0.059524 0.116667 0.088095 0.073810 0.088095 0.130952 0.073810 0.073810 0.073810 0.088095 0.059524 
0.067204 0.083333 0.083333 0.067204 0.067204 0.099462 0.067204 0.099462 0.115591 0.083333 0.083333 0.083333 
0.078059 0.090717 0.103376 0.090717 0.090717 0.065401 0.052743 0.078059 0.065401 0.116034 0.090717 0.078059 
0.057870 0.099537 0.071759 0.085648 0.099537 0.057870 0.085648 0.085648 0.085648 0.085648 0.099537 0.085648 
0.129845 0.083333 0.048450 0.048450 0.083333 0.071705 0.060078 0.060078 0.094961 0.106589 0.153101 0.060078 
0.063008 0.075203 0.111789 0.050813 0.111789 0.063008 0.087398 0.050813 0.075203 0.111789 0.111789 0.087398 
0.086345 0.086345 0.062249 0.146586 0.086345 0.074297 0.062249 0.098394 0.098394 0.074297 0.050201 0.074297 
0.050201 0.146586 0.062249 0.074297 0.074297 0.074297 0.098394 0.110442 0.122490 0.074297 0.050201 0.062249 
0.087398 0.111789 0.075203 0.087398 0.087398 0.075203 0.075203 0.111789 0.063008 0.087398 0.050813 0.087398 
0.125641 0.079487 0.079487 0.079487 0.079487 0.094872 0.079487 0.064103 0.094872 0.079487 0.064103 0.079487 
0.091880 0.066239 0.104701 0.079060 0.091880 0.104701 0.091880 0.066239 0.066239 0.104701 0.079060 0.053419 
0.075758 0.075758 0.075758 0.075758 0.112121 0.075758 0.093939 0.075758 0.075758 0.075758 0.112121 0.075758 
0.128692 0.090717 0.065401 0.052743 0.065401 0.065401 0.204641 0.052743 0.078059 0.078059 0.065401 0.052743 
0.063786 0.063786 0.088477 0.063786 0.076132 0.088477 0.125514 0.063786 0.125514 0.076132 0.076132 0.088477 
0.078059 0.065401 0.078059 0.103376 0.065401 0.052743 0.166667 0.078059 0.078059 0.078059 0.052743 0.103376 
0.090741 0.079630 0.057407 0.057407 0.090741 0.090741 0.079630 0.079630 0.124074 0.101852 0.079630 0.068519 
0.105392 0.075980 0.075980 0.090686 0.120098 0.075980 0.090686 0.075980 0.061275 0.105392 0.061275 0.061275 
0.079487 0.110256 0.064103 0.079487 0.110256 0.064103 0.094872 0.079487 0.094872 0.064103 0.079487 0.079487 
0.057078 0.070776 0.070776 0.084475 0.111872 0.139269 0.084475 0.084475 0.070776 0.057078 0.098174 0.070776 
0.069288 0.046816 0.136704 0.069288 0.080524 0.080524 0.080524 0.058052 0.058052 0.102996 0.091760 0.125468 
0.065401 0.065401 0.078059 0.103376 0.065401 0.065401 0.078059 0.078059 0.090717 0.116034 0.090717 0.103376 
0.065401 0.065401 0.078059 0.090717 0.154008 0.078059 0.078059 0.052743 0.090717 0.078059 0.052743 0.116034 
0.151341 0.059387 0.059387 0.070881 0.082375 0.070881 0.139847 0.059387 0.047893 0.093870 0.082375 0.082375 
0.054113 0.093074 0.132035 0.054113 0.067100 0.093074 0.080087 0.106061 0.080087 0.106061 0.054113 0.080087 
0.073099 0.073099 0.073099 0.108187 0.108187 0.073099 0.073099 0.073099 0.090643 0.090643 0.090643 0.073099 
0.069444 0.069444 0.119444 0.086111 0.069444 0.069444 0.086111 0.086111 0.119444 0.069444 0.069444 0.086111 
0.086854 0.086854 0.072770 0.058685 0.086854 0.115023 0.058685 0.115023 0.072770 0.058685 0.072770 0.115023 
0.081140 0.067982 0.107456 0.054825 0.067982 0.094298 0.067982 0.120614 0.120614 0.067982 0.054825 0.094298 
0.047893 0.093870 0.116858 0.070881 0.059387 0.059387 0.093870 0.059387 0.070881 0.070881 0.174330 0.082375 
0.049603 0.049603 0.097222 0.097222 0.121032 0.073413 0.073413 0.061508 0.097222 0.109127 0.097222 0.073413 
0.090686 0.134804 0.120098 0.061275 0.061275 0.075980 0.061275 0.075980 0.105392 0.061275 0.075980 0.075980 
0.103865 0.089372 0.089372 0.060386 0.074879 0.060386 0.089372 0.103865 0.089372 0.089372 0.074879 0.074879 
0.070881 0.093870 0.059387 0.070881 0.128352 0.082375 0.070881 0.070881 0.059387 0.070881 0.128352 0.093870 
0.081439 0.104167 0.104167 0.070076 0.070076 0.058712 0.092803 0.092803 0.081439 0.115530 0.047348 0.081439 
0.096354 0.065104 0.080729 0.080729 0.096354 0.065104 0.065104 0.096354 0.127604 0.096354 0.065104 0.065104 
0.071759 0.071759 0.113426 0.085648 0.113426 0.057870 0.113426 0.071759 0.113426 0.057870 0.057870 0.071759 
0.074297 0.062249 0.062249 0.110442 0.074297 0.110442 0.074297 0.098394 0.074297 0.098394 0.062249 0.098394 
0.060784 0.084314 0.072549 0.084314 0.072549 0.072549 0.049020 0.072549 0.060784 0.096078 0.143137 0.131373 
0.102996 0.102996 0.058052 0.114232 0.069288 0.114232 0.058052 0.069288 0.080524 0.069288 0.091760 0.069288 
0.075203 0.075203 0.063008 0.063008 0.063008 0.123984 0.075203 0.160569 0.063008 0.050813 0.111789 0.075203 
0.079487 0.094872 0.079487 0.094872 0.079487 0.079487 0.079487 0.079487 0.094872 0.094872 0.079487 0.064103 
0.084475 0.070776 0.057078 0.057078 0.070776 0.070776 0.098174 0.125571 0.125571 0.057078 0.098174 0.084475 
0.103376 0.103376 0.116034 0.052743 0.090717 0.065401 0.090717 0.103376 0.090717 0.078059 0.052743 0.052743 
0.089744 0.100733 0.078755 0.067766 0.067766 0.122711 0.089744 0.089744 0.067766 0.078755 0.067766 0.078755 
0.122490 0.110442 0.050201 0.098394 0.074297 0.074297 0.050201 0.074297 0.062249 0.134538 0.074297 0.074297 
0.071839 0.071839 0.071839 0.123563 0.071839 0.089080 0.089080 0.106322 0.071839 0.089080 0.071839 0.071839 
0.083333 0.106589 0.071705 0.129845 0.094961 0.048450 0.094961 0.048450 0.071705 0.071705 0.071705 0.106589 
0.082011 0.097884 0.113757 0.097884 0.066138 0.066138 0.066138 0.066138 0.097884 0.066138 0.066138 0.113757 
0.084314 0.084314 0.107843 0.084314 0.060784 0.084314 0.107843 0.072549 0.096078 0.084314 0.060784 0.072549 
0.056306 0.083333 0.110360 0.123874 0.069820 0.069820 0.096847 0.069820 0.056306 0.096847 0.110360 0.056306 
0.181648 0.091760 0.046816 0.080524 0.046816 0.058052 0.080524 0.069288 0.125468 0.091760 0.046816 0.080524 
0.084475 0.125571 0.111872 0.084475 0.057078 0.098174 0.070776 0.057078 0.098174 0.057078 0.070776 0.084475 
0.076132 0.088477 0.076132 0.076132 0.051440 0.076132 0.076132 0.100823 0.088477 0.100823 0.088477 0.100823 
0.072549 0.107843 0.084314 0.060784 0.072549 0.107843 0.072549 0.049020 0.119608 0.072549 0.119608 0.060784 
0.102778 0.069444 0.069444 0.069444 0.102778 0.069444 0.069444 0.119444 0.102778 0.069444 0.069444 0.086111 
0.060078 0.094961 0.083333 0.094961 0.129845 0.060078 0.048450 0.083333 0.071705 0.071705 0.071705 0.129845 
0.060078 0.083333 0.071705 0.071705 0.048450 0.118217 0.071705 0.106589 0.071705 0.153101 0.071705 0.071705 
0.086345 0.122490 0.062249 0.074297 0.086345 0.086345 0.062249 0.062249 0.062249 0.158635 0.086345 0.050201 
0.099593 0.075203 0.075203 0.075203 0.075203 0.087398 0.099593 0.099593 0.063008 0.075203 0.075203 0.099593 
0.088477 0.076132 0.063786 0.076132 0.125514 0.051440 0.088477 0.113169 0.125514 0.051440 0.076132 0.063786 
0.084475 0.057078 0.098174 0.111872 0.152968 0.070776 0.084475 0.057078 0.098174 0.057078 0.057078 0.070776 
0.137860 0.063786 0.051440 0.063786 0.113169 0.076132 0.063786 0.088477 0.100823 0.063786 0.063786 0.113169 
0.065603 0.076241 0.097518 0.108156 0.044326 0.054965 0.065603 0.065603 0.097518 0.108156 0.140071 0.076241 
0.093870 0.105364 0.082375 0.093870 0.059387 0.082375 0.070881 0.059387 0.093870 0.093870 0.105364 0.059387 
0.153986 0.056159 0.067029 0.088768 0.067029 0.077899 0.067029 0.067029 0.067029 0.056159 0.132246 0.099638 
0.064103 0.079487 0.094872 0.064103 0.064103 0.141026 0.079487 0.079487 0.064103 0.079487 0.079487 0.110256 
0.106965 0.106965 0.092040 0.062189 0.062189 0.077114 0.077114 0.106965 0.092040 0.062189 0.062189 0.092040 
0.068889 0.135556 0.108889 0.095556 0.068889 0.055556 0.108889 0.068889 0.082222 0.082222 0.055556 0.068889 
0.111979 0.065104 0.080729 0.127604 0.080729 0.080729 0.080729 0.080729 0.080729 0.065104 0.080729 0.065104 
0.107843 0.049020 0.084314 0.072549 0.060784 0.060784 0.084314 0.084314 0.096078 0.072549 0.119608 0.107843 
0.074405 0.074405 0.092262 0.074405 0.074405 0.074405 0.110119 0.074405 0.074405 0.074405 0.127976 0.074405 
0.077114 0.062189 0.062189 0.106965 0.092040 0.106965 0.077114 0.106965 0.106965 0.077114 0.062189 0.062189 
0.097884 0.097884 0.066138 0.066138 0.082011 0.082011 0.082011 0.082011 0.097884 0.082011 0.082011 0.082011 
0.090686 0.090686 0.075980 0.075980 0.075980 0.061275 0.120098 0.090686 0.061275 0.075980 0.075980 0.105392 
0.109319 0.066308 0.077061 0.098566 0.066308 0.120072 0.066308 0.055556 0.077061 0.098566 0.066308 0.098566 
0.075980 0.075980 0.061275 0.061275 0.061275 0.105392 0.105392 0.090686 0.090686 0.105392 0.061275 0.105392 
0.097884 0.082011 0.113757 0.082011 0.097884 0.082011 0.066138 0.066138 0.113757 0.066138 0.066138 0.066138 
0.065104 0.080729 0.065104 0.096354 0.080729 0.080729 0.080729 0.096354 0.127604 0.096354 0.065104 0.065104 
0.104701 0.079060 0.066239 0.066239 0.066239 0.079060 0.066239 0.143162 0.117521 0.066239 0.066239 0.079060 
0.093870 0.070881 0.139847 0.082375 0.070881 0.047893 0.070881 0.128352 0.082375 0.082375 0.059387 0.070881 
0.059524 0.059524 0.073810 0.088095 0.088095 0.059524 0.116667 0.073810 0.073810 0.102381 0.145238 0.059524 
0.075203 0.063008 0.087398 0.075203 0.111789 0.099593 0.111789 0.075203 0.099593 0.075203 0.063008 0.063008 
0.075980 0.075980 0.134804 0.075980 0.075980 0.090686 0.075980 0.061275 0.075980 0.134804 0.061275 0.061275 
0.071705 0.083333 0.094961 0.048450 0.071705 0.118217 0.164729 0.060078 0.060078 0.071705 0.060078 0.094961 
0.054113 0.093074 0.054113 0.093074 0.106061 0.067100 0.132035 0.067100 0.093074 0.080087 0.054113 0.106061 
0.064583 0.102083 0.052083 0.089583 0.152083 0.077083 0.089583 0.052083 0.089583 0.102083 0.052083 0.077083 
0.089744 0.078755 0.089744 0.122711 0.122711 0.056777 0.056777 0.089744 0.078755 0.078755 0.067766 0.067766 
0.088477 0.113169 0.076132 0.125514 0.076132 0.076132 0.051440 0.113169 0.088477 0.051440 0.076132 0.063786 
0.080524 0.080524 0.114232 0.080524 0.046816 0.125468 0.058052 0.080524 0.069288 0.058052 0.080524 0.125468 
0.106589 0.094961 0.094961 0.071705 0.071705 0.106589 0.048450 0.071705 0.106589 0.118217 0.048450 0.060078 
0.110360 0.083333 0.069820 0.110360 0.069820 0.083333 0.123874 0.083333 0.069820 0.069820 0.056306 0.069820 
0.085317 0.109127 0.073413 0.061508 0.049603 0.073413 0.097222 0.049603 0.109127 0.049603 0.168651 0.073413 
0.089372 0.103865 0.074879 0.074879 0.103865 0.118357 0.074879 0.074879 0.060386 0.060386 0.103865 0.060386 
0.073413 0.085317 0.049603 0.085317 0.144841 0.085317 0.061508 0.097222 0.121032 0.085317 0.049603 0.061508 
0.062249 0.110442 0.050201 0.074297 0.074297 0.062249 0.098394 0.074297 0.050201 0.122490 0.134538 0.086345 
0.095556 0.055556 0.068889 0.082222 0.068889 0.055556 0.148889 0.082222 0.108889 0.068889 0.082222 0.082222 
0.103376 0.078059 0.090717 0.052743 0.103376 0.103376 0.090717 0.065401 0.065401 0.065401 0.103376 0.078059 
0.095556 0.068889 0.095556 0.095556 0.055556 0.108889 0.082222 0.068889 0.068889 0.082222 0.108889 0.068889 
0.068889 0.095556 0.068889 0.108889 0.068889 0.082222 0.108889 0.082222 0.068889 0.055556 0.068889 0.122222 
0.093434 0.108586 0.093434 0.063131 0.078283 0.063131 0.063131 0.093434 0.108586 0.093434 0.063131 0.078283 
0.104701 0.066239 0.066239 0.130342 0.066239 0.053419 0.053419 0.079060 0.066239 0.079060 0.104701 0.130342 
0.098394 0.098394 0.086345 0.086345 0.074297 0.074297 0.110442 0.050201 0.074297 0.074297 0.086345 0.086345 
0.080524 0.136704 0.058052 0.046816 0.058052 0.080524 0.125468 0.091760 0.091760 0.046816 0.091760 0.091760 
0.128352 0.059387 0.093870 0.070881 0.093870 0.059387 0.059387 0.082375 0.059387 0.139847 0.070881 0.082375 
0.050813 0.111789 0.075203 0.087398 0.111789 0.063008 0.075203 0.087398 0.063008 0.075203 0.111789 0.087398 
0.083333 0.096847 0.110360 0.083333 0.083333 0.096847 0.056306 0.096847 0.069820 0.083333 0.069820 0.069820 
0.125468 0.080524 0.046816 0.058052 0.091760 0.058052 0.091760 0.102996 0.102996 0.114232 0.069288 0.058052 
0.078755 0.078755 0.111722 0.067766 0.078755 0.056777 0.078755 0.078755 0.100733 0.111722 0.045788 0.111722 
0.073099 0.073099 0.073099 0.073099 0.108187 0.090643 0.090643 0.073099 0.090643 0.073099 0.090643 0.090643 
0.052743 0.103376 0.116034 0.078059 0.116034 0.065401 0.052743 0.078059 0.141350 0.065401 0.065401 0.065401 
0.070076 0.081439 0.070076 0.149621 0.070076 0.081439 0.070076 0.081439 0.058712 0.104167 0.058712 0.104167 
0.060784 0.060784 0.084314 0.084314 0.119608 0.072549 0.096078 0.096078 0.119608 0.084314 0.072549 0.049020 
0.070881 0.082375 0.162835 0.070881 0.059387 0.070881 0.082375 0.059387 0.093870 0.093870 0.082375 0.070881 
0.086111 0.069444 0.086111 0.086111 0.069444 0.102778 0.069444 0.086111 0.102778 0.086111 0.069444 0.086111 
0.122222 0.095556 0.095556 0.068889 0.055556 0.055556 0.068889 0.068889 0.095556 0.122222 0.055556 0.095556 
0.093434 0.063131 0.078283 0.078283 0.108586 0.078283 0.063131 0.078283 0.078283 0.078283 0.063131 0.138889 
0.093434 0.063131 0.108586 0.093434 0.093434 0.123737 0.063131 0.078283 0.063131 0.063131 0.063131 0.093434 
0.106965 0.077114 0.062189 0.092040 0.077114 0.062189 0.092040 0.092040 0.077114 0.092040 0.062189 0.106965 
0.074879 0.060386 0.103865 0.147343 0.060386 0.074879 0.074879 0.089372 0.089372 0.089372 0.060386 0.074879 
0.095486 0.116319 0.085069 0.085069 0.043403 0.074653 0.074653 0.064236 0.074653 0.095486 0.074653 0.116319 
0.065401 0.103376 0.090717 0.090717 0.090717 0.052743 0.103376 0.078059 0.090717 0.052743 0.128692 0.052743 
0.094872 0.110256 0.064103 0.079487 0.094872 0.064103 0.094872 0.094872 0.079487 0.079487 0.079487 0.064103 
0.093074 0.067100 0.054113 0.054113 0.106061 0.106061 0.080087 0.067100 0.119048 0.119048 0.080087 0.054113 
0.061275 0.090686 0.061275 0.061275 0.061275 0.061275 0.120098 0.075980 0.075980 0.120098 0.090686 0.120098 
0.069288 0.069288 0.091760 0.069288 0.058052 0.136704 0.046816 0.136704 0.091760 0.091760 0.069288 0.069288 
0.056306 0.056306 0.069820 0.083333 0.069820 0.056306 0.110360 0.056306 0.096847 0.096847 0.177928 0.069820 
0.084314 0.096078 0.084314 0.143137 0.072549 0.084314 0.096078 0.072549 0.060784 0.049020 0.060784 0.096078 
0.057407 0.068519 0.090741 0.079630 0.124074 0.057407 0.079630 0.146296 0.079630 0.068519 0.079630 0.068519 
0.075980 0.075980 0.105392 0.075980 0.075980 0.134804 0.075980 0.061275 0.090686 0.061275 0.090686 0.075980 
0.082375 0.093870 0.082375 0.070881 0.047893 0.139847 0.082375 0.070881 0.116858 0.047893 0.047893 0.116858 
0.044326 0.086879 0.140071 0.044326 0.044326 0.086879 0.065603 0.108156 0.108156 0.097518 0.086879 0.086879 
0.137860 0.125514 0.076132 0.051440 0.076132 0.063786 0.076132 0.076132 0.088477 0.063786 0.113169 0.051440 
0.060078 0.071705 0.094961 0.048450 0.106589 0.141473 0.048450 0.106589 0.083333 0.106589 0.083333 0.048450 
0.086854 0.058685 0.072770 0.086854 0.072770 0.143192 0.072770 0.100939 0.072770 0.058685 0.072770 0.100939 
0.148374 0.063008 0.123984 0.136179 0.050813 0.063008 0.075203 0.075203 0.063008 0.075203 0.050813 0.075203 
0.056159 0.110507 0.056159 0.056159 0.088768 0.045290 0.077899 0.099638 0.077899 0.121377 0.067029 0.143116 
0.096078 0.072549 0.096078 0.072549 0.060784 0.084314 0.084314 0.096078 0.084314 0.096078 0.072549 0.084314 
0.107456 0.054825 0.054825 0.067982 0.054825 0.054825 0.067982 0.146930 0.120614 0.081140 0.094298 0.094298 
0.080524 0.058052 0.080524 0.102996 0.080524 0.091760 0.114232 0.046816 0.091760 0.080524 0.058052 0.114232 
0.087398 0.075203 0.075203 0.050813 0.063008 0.123984 0.063008 0.099593 0.087398 0.063008 0.123984 0.087398 
0.055556 0.095556 0.068889 0.055556 0.068889 0.122222 0.068889 0.082222 0.068889 0.082222 0.108889 0.122222 
0.136816 0.092040 0.062189 0.077114 0.062189 0.106965 0.062189 0.062189 0.106965 0.092040 0.062189 0.077114 
0.102083 0.052083 0.052083 0.064583 0.052083 0.102083 0.077083 0.089583 0.064583 0.177083 0.089583 0.077083 
0.093074 0.080087 0.067100 0.054113 0.132035 0.093074 0.067100 0.106061 0.054113 0.067100 0.119048 0.067100 
0.049020 0.084314 0.084314 0.060784 0.084314 0.107843 0.072549 0.119608 0.049020 0.084314 0.119608 0.084314 
0.087398 0.063008 0.087398 0.075203 0.063008 0.063008 0.063008 0.136179 0.099593 0.099593 0.087398 0.075203 
0.086111 0.069444 0.069444 0.086111 0.069444 0.069444 0.102778 0.102778 0.069444 0.069444 0.102778 0.102778 
0.061508 0.168651 0.061508 0.049603 0.097222 0.061508 0.121032 0.073413 0.061508 0.049603 0.085317 0.109127 
0.050201 0.062249 0.074297 0.074297 0.086345 0.086345 0.086345 0.086345 0.074297 0.122490 0.110442 0.086345 
0.128692 0.141350 0.065401 0.065401 0.078059 0.052743 0.065401 0.078059 0.065401 0.090717 0.052743 0.116034 
0.058052 0.080524 0.069288 0.091760 0.058052 0.181648 0.058052 0.091760 0.069288 0.058052 0.046816 0.136704 
0.077114 0.062189 0.092040 0.077114 0.077114 0.136816 0.062189 0.077114 0.077114 0.136816 0.062189 0.062189 
0.082222 0.095556 0.055556 0.095556 0.135556 0.068889 0.068889 0.068889 0.068889 0.095556 0.068889 0.095556 
0.076132 0.088477 0.088477 0.125514 0.088477 0.088477 0.051440 0.076132 0.088477 0.063786 0.076132 0.088477 
0.073413 0.061508 0.097222 0.121032 0.061508 0.085317 0.073413 0.049603 0.073413 0.121032 0.049603 0.132937 
0.084699 0.068306 0.068306 0.084699 0.117486 0.084699 0.084699 0.068306 0.101093 0.068306 0.068306 0.101093 
0.075203 0.063008 0.075203 0.063008 0.087398 0.050813 0.111789 0.087398 0.063008 0.087398 0.063008 0.172764 
0.077114 0.062189 0.077114 0.092040 0.106965 0.077114 0.106965 0.062189 0.062189 0.121891 0.077114 0.077114 
0.068306 0.084699 0.084699 0.068306 0.101093 0.068306 0.084699 0.084699 0.068306 0.084699 0.117486 0.084699 
0.116858 0.059387 0.070881 0.047893 0.093870 0.093870 0.082375 0.082375 0.093870 0.105364 0.093870 0.059387 
0.087398 0.063008 0.099593 0.111789 0.050813 0.111789 0.063008 0.063008 0.087398 0.050813 0.087398 0.123984 
0.081140 0.133772 0.081140 0.067982 0.081140 0.107456 0.094298 0.067982 0.081140 0.067982 0.081140 0.054825 
0.089744 0.067766 0.067766 0.067766 0.100733 0.100733 0.100733 0.067766 0.100733 0.100733 0.078755 0.056777 
0.093870 0.093870 0.059387 0.059387 0.105364 0.093870 0.162835 0.093870 0.059387 0.047893 0.070881 0.059387 
0.063786 0.088477 0.076132 0.076132 0.113169 0.088477 0.100823 0.063786 0.100823 0.063786 0.088477 0.076132 
0.107456 0.094298 0.067982 0.094298 0.081140 0.054825 0.120614 0.054825 0.094298 0.054825 0.107456 0.067982 
0.065401 0.065401 0.154008 0.052743 0.065401 0.141350 0.090717 0.065401 0.052743 0.116034 0.052743 0.078059 
0.057078 0.084475 0.070776 0.084475 0.070776 0.084475 0.057078 0.057078 0.070776 0.207763 0.057078 0.098174 
0.085317 0.073413 0.073413 0.085317 0.049603 0.109127 0.097222 0.097222 0.085317 0.073413 0.061508 0.109127 
0.092040 0.077114 0.062189 0.092040 0.092040 0.077114 0.077114 0.077114 0.106965 0.092040 0.062189 0.092040 
0.077083 0.064583 0.089583 0.077083 0.089583 0.052083 0.102083 0.064583 0.102083 0.127083 0.052083 0.102083 
0.063008 0.099593 0.075203 0.075203 0.063008 0.087398 0.123984 0.063008 0.099593 0.075203 0.075203 0.099593 
0.079487 0.079487 0.079487 0.094872 0.079487 0.064103 0.064103 0.079487 0.094872 0.094872 0.094872 0.094872 
0.105364 0.116858 0.059387 0.105364 0.082375 0.093870 0.082375 0.059387 0.105364 0.070881 0.059387 0.059387 
0.082011 0.066138 0.082011 0.082011 0.066138 0.097884 0.066138 0.097884 0.066138 0.066138 0.097884 0.129630 
0.118357 0.074879 0.089372 0.118357 0.074879 0.060386 0.074879 0.074879 0.089372 0.074879 0.074879 0.074879 
0.070881 0.059387 0.105364 0.082375 0.116858 0.070881 0.047893 0.151341 0.059387 0.082375 0.047893 0.105364 
0.073413 0.049603 0.085317 0.121032 0.049603 0.132937 0.085317 0.085317 0.085317 0.061508 0.049603 0.121032 
0.066239 0.066239 0.066239 0.130342 0.066239 0.066239 0.053419 0.117521 0.091880 0.130342 0.053419 0.091880 
0.090717 0.052743 0.065401 0.090717 0.090717 0.065401 0.065401 0.078059 0.065401 0.103376 0.103376 0.128692 
0.109127 0.061508 0.061508 0.085317 0.109127 0.061508 0.097222 0.061508 0.061508 0.085317 0.085317 0.121032 
0.073413 0.073413 0.085317 0.144841 0.073413 0.085317 0.085317 0.073413 0.097222 0.061508 0.097222 0.049603 
0.070076 0.081439 0.058712 0.081439 0.138258 0.058712 0.126894 0.104167 0.058712 0.047348 0.104167 0.070076 
0.147343 0.074879 0.060386 0.118357 0.060386 0.074879 0.089372 0.074879 0.074879 0.089372 0.060386 0.074879 
0.085648 0.099537 0.099537 0.057870 0.057870 0.099537 0.085648 0.057870 0.113426 0.099537 0.071759 0.071759 
0.107018 0.075439 0.096491 0.107018 0.054386 0.128070 0.075439 0.054386 0.096491 0.064912 0.064912 0.075439 
0.063131 0.078283 0.063131 0.078283 0.063131 0.108586 0.123737 0.078283 0.138889 0.063131 0.063131 0.078283 
0.063008 0.075203 0.111789 0.050813 0.075203 0.063008 0.111789 0.111789 0.111789 0.075203 0.075203 0.075203 
0.058052 0.058052 0.091760 0.080524 0.102996 0.069288 0.102996 0.136704 0.046816 0.102996 0.069288 0.080524 
0.109319 0.077061 0.109319 0.087814 0.098566 0.130824 0.055556 0.044803 0.109319 0.055556 0.066308 0.055556 
0.124074 0.068519 0.090741 0.068519 0.090741 0.057407 0.057407 0.146296 0.068519 0.068519 0.068519 0.090741 
0.066239 0.066239 0.117521 0.066239 0.079060 0.066239 0.079060 0.053419 0.130342 0.091880 0.091880 0.091880 
0.051440 0.088477 0.088477 0.100823 0.113169 0.088477 0.088477 0.063786 0.063786 0.076132 0.088477 0.088477 
0.052743 0.065401 0.090717 0.065401 0.065401 0.052743 0.103376 0.090717 0.078059 0.078059 0.128692 0.128692 
0.091760 0.091760 0.159176 0.069288 0.058052 0.080524 0.046816 0.080524 0.058052 0.058052 0.091760 0.114232 
0.110442 0.098394 0.050201 0.110442 0.086345 0.098394 0.050201 0.086345 0.086345 0.074297 0.050201 0.098394 
0.080524 0.114232 0.069288 0.046816 0.058052 0.125468 0.091760 0.046816 0.102996 0.102996 0.058052 0.102996 
0.047348 0.081439 0.092803 0.047348 0.058712 0.092803 0.092803 0.115530 0.092803 0.104167 0.092803 0.081439 
0.059524 0.059524 0.088095 0.145238 0.088095 0.116667 0.088095 0.073810 0.059524 0.059524 0.059524 0.102381 
0.051440 0.063786 0.076132 0.088477 0.063786 0.076132 0.076132 0.063786 0.088477 0.125514 0.150206 0.076132 
0.108586 0.078283 0.063131 0.063131 0.078283 0.108586 0.063131 0.063131 0.093434 0.108586 0.108586 0.063131 
0.086345 0.122490 0.050201 0.098394 0.098394 0.074297 0.098394 0.086345 0.110442 0.074297 0.050201 0.050201 
0.073810 0.088095 0.102381 0.059524 0.059524 0.073810 0.073810 0.088095 0.073810 0.088095 0.088095 0.130952 
0.068306 0.133880 0.068306 0.068306 0.068306 0.068306 0.101093 0.084699 0.084699 0.101093 0.068306 0.084699 
0.077083 0.052083 0.077083 0.089583 0.077083 0.077083 0.089583 0.064583 0.077083 0.152083 0.102083 0.064583 
0.074297 0.074297 0.074297 0.122490 0.062249 0.086345 0.074297 0.062249 0.098394 0.050201 0.086345 0.134538 
0.083333 0.048450 0.118217 0.129845 0.048450 0.071705 0.106589 0.060078 0.118217 0.094961 0.071705 0.048450 
0.065401 0.090717 0.065401 0.078059 0.128692 0.078059 0.078059 0.065401 0.090717 0.090717 0.116034 0.052743 
0.077114 0.077114 0.092040 0.077114 0.092040 0.077114 0.121891 0.092040 0.077114 0.062189 0.077114 0.077114 
0.075758 0.075758 0.075758 0.075758 0.093939 0.075758 0.093939 0.075758 0.075758 0.075758 0.112121 0.093939 
