0.031250 0.031250 0.031250 0.031250 0.031250 0.031250 0.031250 0.093750 0.093750 0.031250 0.031250 0.093750 0.093750 0.031250 0.156250 0.031250 0.031250 0.031250 0.031250 0.031250 
0.035714 0.035714 0.035714 0.035714 0.035714 0.178571 0.035714 0.035714 0.035714 0.035714 0.035714 0.035714 0.035714 0.035714 0.178571 0.035714 0.035714 0.035714 0.035714 0.035714 
0.015152 0.136364 0.015152 0.045455 0.015152 0.075758 0.015152 0.015152 0.015152 0.045455 0.045455 0.015152 0.015152 0.166667 0.015152 0.015152 0.015152 0.015152 0.015152 0.287879 
0.013889 0.041667 0.125000 0.013889 0.013889 0.013889 0.013889 0.041667 0.152778 0.125000 0.069444 0.013889 0.069444 0.013889 0.069444 0.069444 0.013889 0.069444 0.041667 0.013889 
0.045455 0.075758 0.045455 0.075758 0.015152 0.015152 0.015152 0.015152 0.227273 0.015152 0.045455 0.015152 0.045455 0.045455 0.015152 0.045455 0.075758 0.045455 0.015152 0.106061 
0.041667 0.041667 0.041667 0.041667 0.041667 0.041667 0.041667 0.041667 0.041667 0.041667 0.041667 0.041667 0.041667 0.041667 0.041667 0.208333 0.041667 0.041667 0.041667 0.041667 
0.031250 0.031250 0.031250 0.031250 0.031250 0.031250 0.031250 0.218750 0.093750 0.031250 0.031250 0.031250 0.031250 0.031250 0.093750 0.031250 0.031250 0.031250 0.093750 0.031250 
0.051724 0.051724 0.155172 0.017241 0.155172 0.017241 0.120690 0.017241 0.051724 0.051724 0.017241 0.017241 0.017241 0.017241 0.017241 0.017241 0.017241 0.051724 0.120690 0.017241 
0.038462 0.038462 0.038462 0.115385 0.038462 0.038462 0.038462 0.038462 0.038462 0.038462 0.038462 0.038462 0.038462 0.038462 0.192308 0.038462 0.038462 0.038462 0.038462 0.038462 
0.013889 0.263889 0.013889 0.013889 0.069444 0.013889 0.152778 0.041667 0.013889 0.013889 0.041667 0.013889 0.013889 0.097222 0.041667 0.013889 0.097222 0.013889 0.041667 0.013889 
0.092593 0.166667 0.055556 0.018519 0.018519 0.018519 0.018519 0.240741 0.018519 0.018519 0.018519 0.055556 0.092593 0.018519 0.018519 0.018519 0.018519 0.018519 0.055556 0.018519 
0.023810 0.261905 0.071429 0.023810 0.071429 0.071429 0.023810 0.119048 0.023810 0.023810 0.023810 0.023810 0.071429 0.023810 0.023810 0.023810 0.023810 0.023810 0.023810 0.023810 
0.100000 0.100000 0.033333 0.033333 0.033333 0.033333 0.033333 0.100000 0.100000 0.033333 0.033333 0.033333 0.033333 0.033333 0.033333 0.033333 0.033333 0.100000 0.033333 0.033333 
0.071429 0.023810 0.023810 0.023810 0.023810 0.023810 0.071429 0.119048 0.023810 0.023810 0.023810 0.023810 0.023810 0.071429 0.023810 0.119048 0.023810 0.023810 0.214286 0.023810 
0.020000 0.020000 0.020000 0.020000 0.020000 0.020000 0.020000 0.340000 0.020000 0.020000 0.100000 0.020000 0.020000 0.060000 0.020000 0.180000 0.020000 0.020000 0.020000 0.020000 
0.089286 0.053571 0.017857 0.017857 0.017857 0.053571 0.125000 0.017857 0.196429 0.089286 0.017857 0.053571 0.017857 0.017857 0.053571 0.017857 0.017857 0.053571 0.053571 0.017857 
0.051724 0.051724 0.017241 0.017241 0.017241 0.017241 0.086207 0.051724 0.120690 0.017241 0.051724 0.120690 0.017241 0.017241 0.258621 0.017241 0.017241 0.017241 0.017241 0.017241 
0.026316 0.078947 0.026316 0.078947 0.026316 0.026316 0.026316 0.078947 0.026316 0.026316 0.026316 0.026316 0.026316 0.078947 0.026316 0.078947 0.078947 0.131579 0.078947 0.026316 
0.031250 0.031250 0.031250 0.031250 0.031250 0.031250 0.031250 0.093750 0.031250 0.031250 0.031250 0.281250 0.031250 0.031250 0.031250 0.031250 0.031250 0.031250 0.031250 0.093750 
0.027778 0.027778 0.027778 0.027778 0.027778 0.027778 0.027778 0.083333 0.027778 0.083333 0.083333 0.138889 0.027778 0.027778 0.083333 0.138889 0.027778 0.027778 0.027778 0.027778 
0.026316 0.026316 0.026316 0.026316 0.026316 0.026316 0.078947 0.184211 0.026316 0.026316 0.026316 0.026316 0.131579 0.026316 0.131579 0.026316 0.078947 0.026316 0.026316 0.026316 
0.018519 0.092593 0.018519 0.018519 0.018519 0.129630 0.018519 0.018519 0.055556 0.018519 0.018519 0.018519 0.018519 0.018519 0.240741 0.092593 0.092593 0.055556 0.018519 0.018519 
0.041667 0.041667 0.041667 0.041667 0.041667 0.041667 0.125000 0.041667 0.041667 0.041667 0.041667 0.041667 0.041667 0.041667 0.125000 0.041667 0.041667 0.041667 0.041667 0.041667 
0.035714 0.035714 0.035714 0.035714 0.178571 0.035714 0.035714 0.035714 0.035714 0.035714 0.035714 0.035714 0.107143 0.035714 0.107143 0.035714 0.035714 0.035714 0.035714 0.035714 
0.031250 0.031250 0.093750 0.031250 0.093750 0.031250 0.031250 0.031250 0.031250 0.031250 0.031250 0.031250 0.031250 0.093750 0.031250 0.093750 0.031250 0.093750 0.031250 0.093750 
0.041667 0.041667 0.041667 0.208333 0.041667 0.041667 0.041667 0.041667 0.041667 0.041667 0.041667 0.041667 0.041667 0.041667 0.041667 0.041667 0.041667 0.041667 0.041667 0.041667 
0.016129 0.048387 0.016129 0.048387 0.016129 0.016129 0.048387 0.016129 0.306452 0.048387 0.016129 0.016129 0.016129 0.048387 0.016129 0.048387 0.016129 0.080645 0.048387 0.112903 
0.033333 0.033333 0.033333 0.033333 0.033333 0.033333 0.100000 0.033333 0.033333 0.100000 0.166667 0.100000 0.033333 0.033333 0.033333 0.033333 0.033333 0.033333 0.033333 0.033333 
0.189655 0.051724 0.120690 0.086207 0.017241 0.017241 0.017241 0.017241 0.051724 0.017241 0.086207 0.051724 0.017241 0.017241 0.051724 0.017241 0.017241 0.017241 0.086207 0.051724 
0.035714 0.035714 0.107143 0.035714 0.035714 0.035714 0.035714 0.035714 0.107143 0.035714 0.107143 0.035714 0.035714 0.035714 0.035714 0.107143 0.035714 0.035714 0.035714 0.035714 
0.025000 0.025000 0.025000 0.025000 0.125000 0.025000 0.025000 0.025000 0.175000 0.075000 0.125000 0.025000 0.075000 0.025000 0.025000 0.025000 0.025000 0.025000 0.075000 0.025000 
0.019231 0.019231 0.019231 0.019231 0.173077 0.019231 0.019231 0.057692 0.057692 0.057692 0.134615 0.019231 0.019231 0.019231 0.019231 0.019231 0.019231 0.019231 0.134615 0.134615 
0.033333 0.100000 0.033333 0.033333 0.033333 0.100000 0.033333 0.100000 0.033333 0.033333 0.033333 0.100000 0.033333 0.033333 0.100000 0.033333 0.033333 0.033333 0.033333 0.033333 
0.035714 0.035714 0.035714 0.035714 0.035714 0.035714 0.035714 0.035714 0.035714 0.035714 0.107143 0.035714 0.035714 0.107143 0.035714 0.035714 0.035714 0.178571 0.035714 0.035714 
0.029412 0.088235 0.029412 0.088235 0.029412 0.029412 0.147059 0.029412 0.029412 0.029412 0.029412 0.029412 0.029412 0.029412 0.147059 0.088235 0.029412 0.029412 0.029412 0.029412 
0.012500 0.012500 0.087500 0.037500 0.112500 0.037500 0.012500 0.012500 0.012500 0.012500 0.037500 0.112500 0.037500 0.012500 0.062500 0.012500 0.012500 0.187500 0.087500 0.087500 
0.029412 0.029412 0.088235 0.029412 0.029412 0.088235 0.029412 0.029412 0.029412 0.029412 0.029412 0.029412 0.088235 0.029412 0.205882 0.088235 0.029412 0.029412 0.029412 0.029412 
0.011905 0.011905 0.011905 0.011905 0.011905 0.011905 0.059524 0.202381 0.011905 0.059524 0.035714 0.011905 0.011905 0.011905 0.011905 0.011905 0.011905 0.035714 0.130952 0.321429 
0.041667 0.041667 0.041667 0.041667 0.041667 0.041667 0.041667 0.041667 0.041667 0.041667 0.041667 0.041667 0.041667 0.041667 0.041667 0.208333 0.041667 0.041667 0.041667 0.041667 
0.109375 0.015625 0.015625 0.015625 0.109375 0.078125 0.015625 0.015625 0.015625 0.015625 0.015625 0.015625 0.015625 0.015625 0.015625 0.046875 0.078125 0.046875 0.328125 0.015625 
0.100000 0.020000 0.020000 0.020000 0.060000 0.020000 0.020000 0.020000 0.180000 0.020000 0.020000 0.020000 0.020000 0.020000 0.180000 0.020000 0.060000 0.060000 0.060000 0.060000 
0.013889 0.013889 0.041667 0.013889 0.013889 0.069444 0.013889 0.180556 0.013889 0.013889 0.013889 0.208333 0.013889 0.013889 0.152778 0.013889 0.013889 0.069444 0.041667 0.069444 
0.017241 0.017241 0.017241 0.051724 0.017241 0.051724 0.086207 0.120690 0.017241 0.189655 0.086207 0.017241 0.017241 0.051724 0.051724 0.017241 0.017241 0.086207 0.017241 0.051724 
0.038462 0.038462 0.038462 0.038462 0.038462 0.038462 0.038462 0.038462 0.038462 0.115385 0.038462 0.038462 0.115385 0.038462 0.038462 0.038462 0.038462 0.038462 0.038462 0.115385 
0.015625 0.078125 0.015625 0.015625 0.234375 0.015625 0.046875 0.015625 0.015625 0.015625 0.015625 0.015625 0.015625 0.046875 0.078125 0.015625 0.015625 0.078125 0.046875 0.203125 
0.062500 0.020833 0.104167 0.020833 0.020833 0.020833 0.020833 0.020833 0.020833 0.020833 0.270833 0.062500 0.020833 0.020833 0.020833 0.145833 0.020833 0.062500 0.020833 0.020833 
0.156250 0.031250 0.031250 0.093750 0.031250 0.031250 0.031250 0.031250 0.031250 0.031250 0.031250 0.156250 0.031250 0.031250 0.031250 0.093750 0.031250 0.031250 0.031250 0.031250 
0.012500 0.062500 0.012500 0.212500 0.062500 0.087500 0.012500 0.037500 0.037500 0.037500 0.012500 0.087500 0.037500 0.012500 0.012500 0.012500 0.037500 0.162500 0.012500 0.037500 
0.016667 0.016667 0.016667 0.050000 0.116667 0.016667 0.250000 0.050000 0.016667 0.016667 0.016667 0.016667 0.016667 0.150000 0.016667 0.016667 0.016667 0.050000 0.050000 0.083333 
0.018519 0.129630 0.092593 0.092593 0.018519 0.018519 0.018519 0.129630 0.018519 0.018519 0.018519 0.055556 0.055556 0.055556 0.018519 0.092593 0.018519 0.055556 0.018519 0.055556 
0.014706 0.044118 0.191176 0.014706 0.014706 0.132353 0.014706 0.014706 0.014706 0.044118 0.044118 0.073529 0.102941 0.132353 0.014706 0.014706 0.014706 0.073529 0.014706 0.014706 
0.027778 0.027778 0.083333 0.027778 0.027778 0.138889 0.027778 0.027778 0.083333 0.027778 0.083333 0.027778 0.083333 0.027778 0.083333 0.083333 0.027778 0.027778 0.027778 0.027778 
0.129630 0.018519 0.018519 0.092593 0.018519 0.129630 0.129630 0.018519 0.018519 0.018519 0.018519 0.018519 0.055556 0.018519 0.129630 0.092593 0.018519 0.018519 0.018519 0.018519 
0.093750 0.093750 0.031250 0.031250 0.093750 0.031250 0.031250 0.031250 0.031250 0.093750 0.031250 0.031250 0.031250 0.031250 0.093750 0.093750 0.031250 0.031250 0.031250 0.031250 
0.112500 0.012500 0.012500 0.162500 0.012500 0.037500 0.062500 0.262500 0.012500 0.012500 0.012500 0.112500 0.012500 0.012500 0.012500 0.012500 0.062500 0.012500 0.012500 0.037500 
0.025000 0.025000 0.025000 0.025000 0.025000 0.025000 0.025000 0.025000 0.075000 0.075000 0.025000 0.075000 0.075000 0.025000 0.025000 0.025000 0.225000 0.025000 0.025000 0.125000 
0.089744 0.012821 0.012821 0.038462 0.064103 0.012821 0.012821 0.038462 0.012821 0.038462 0.012821 0.089744 0.012821 0.166667 0.012821 0.217949 0.012821 0.064103 0.012821 0.064103 
0.059524 0.011905 0.273810 0.035714 0.107143 0.083333 0.035714 0.011905 0.059524 0.035714 0.035714 0.011905 0.011905 0.011905 0.083333 0.083333 0.011905 0.011905 0.011905 0.011905 
0.020833 0.020833 0.354167 0.020833 0.104167 0.020833 0.020833 0.020833 0.020833 0.020833 0.062500 0.062500 0.020833 0.020833 0.062500 0.020833 0.020833 0.062500 0.020833 0.020833 
0.017857 0.017857 0.053571 0.017857 0.053571 0.017857 0.017857 0.017857 0.017857 0.017857 0.053571 0.017857 0.017857 0.017857 0.017857 0.017857 0.410714 0.089286 0.017857 0.089286 
0.041667 0.013889 0.013889 0.013889 0.097222 0.041667 0.041667 0.013889 0.152778 0.041667 0.041667 0.097222 0.013889 0.013889 0.097222 0.013889 0.013889 0.208333 0.013889 0.013889 
0.031250 0.031250 0.031250 0.031250 0.093750 0.031250 0.031250 0.031250 0.031250 0.093750 0.031250 0.031250 0.031250 0.031250 0.281250 0.031250 0.031250 0.031250 0.031250 0.031250 
0.100000 0.033333 0.033333 0.033333 0.033333 0.033333 0.100000 0.033333 0.033333 0.033333 0.100000 0.100000 0.033333 0.033333 0.033333 0.100000 0.033333 0.033333 0.033333 0.033333 
0.031250 0.031250 0.031250 0.031250 0.031250 0.031250 0.031250 0.031250 0.031250 0.031250 0.031250 0.093750 0.031250 0.093750 0.218750 0.031250 0.031250 0.031250 0.093750 0.031250 
0.018519 0.018519 0.055556 0.018519 0.018519 0.018519 0.018519 0.129630 0.018519 0.018519 0.203704 0.092593 0.055556 0.018519 0.092593 0.018519 0.018519 0.129630 0.018519 0.018519 
0.029412 0.029412 0.088235 0.088235 0.029412 0.029412 0.029412 0.029412 0.088235 0.029412 0.088235 0.029412 0.029412 0.088235 0.147059 0.029412 0.029412 0.029412 0.029412 0.029412 
0.035714 0.035714 0.107143 0.035714 0.035714 0.035714 0.035714 0.035714 0.035714 0.107143 0.035714 0.035714 0.035714 0.035714 0.107143 0.035714 0.035714 0.035714 0.107143 0.035714 
0.025000 0.025000 0.025000 0.025000 0.025000 0.025000 0.075000 0.025000 0.425000 0.025000 0.025000 0.025000 0.025000 0.025000 0.025000 0.025000 0.025000 0.025000 0.075000 0.025000 
0.038462 0.038462 0.038462 0.038462 0.192308 0.038462 0.038462 0.038462 0.038462 0.038462 0.038462 0.038462 0.038462 0.038462 0.038462 0.115385 0.038462 0.038462 0.038462 0.038462 
0.013889 0.041667 0.208333 0.041667 0.069444 0.097222 0.013889 0.069444 0.013889 0.013889 0.041667 0.013889 0.013889 0.013889 0.152778 0.041667 0.013889 0.013889 0.097222 0.013889 
