alpha=0.500000
beta=0.100000
ntopics=20
ndocs=70
nwords=769
liter=20
