alpha=0.500000
beta=0.100000
ntopics=20
ndocs=1
nwords=30
liter=20
