alpha=4.166667
beta=1.000000
ntopics=12
ndocs=301
nwords=5875
liter=500
