alpha=0.500000
beta=0.100000
ntopics=20
ndocs=2000
nwords=19798
liter=1000
