0.097222 0.069444 0.013889 0.069444 0.041667 0.041667 0.041667 0.041667 0.041667 0.013889 0.041667 0.013889 0.041667 0.041667 0.236111 0.013889 0.013889 0.097222 0.013889 0.013889 
0.066038 0.009434 0.009434 0.028302 0.009434 0.141509 0.066038 0.084906 0.009434 0.028302 0.009434 0.160377 0.009434 0.047170 0.028302 0.009434 0.160377 0.028302 0.084906 0.009434 
0.012195 0.109756 0.012195 0.085366 0.012195 0.036585 0.036585 0.012195 0.012195 0.012195 0.036585 0.012195 0.012195 0.036585 0.012195 0.036585 0.207317 0.036585 0.012195 0.256098 
0.010417 0.010417 0.010417 0.031250 0.010417 0.010417 0.010417 0.010417 0.697917 0.052083 0.010417 0.010417 0.010417 0.010417 0.010417 0.031250 0.031250 0.010417 0.010417 0.010417 
0.015625 0.328125 0.015625 0.015625 0.046875 0.015625 0.015625 0.015625 0.078125 0.046875 0.015625 0.015625 0.015625 0.015625 0.015625 0.078125 0.046875 0.046875 0.015625 0.140625 
0.010417 0.010417 0.010417 0.010417 0.010417 0.010417 0.010417 0.010417 0.010417 0.010417 0.010417 0.010417 0.010417 0.010417 0.010417 0.010417 0.802083 0.010417 0.010417 0.010417 
0.017241 0.017241 0.086207 0.017241 0.017241 0.017241 0.017241 0.017241 0.189655 0.017241 0.017241 0.224138 0.086207 0.051724 0.017241 0.051724 0.051724 0.051724 0.017241 0.017241 
0.012821 0.012821 0.012821 0.012821 0.012821 0.012821 0.012821 0.012821 0.012821 0.038462 0.012821 0.012821 0.038462 0.500000 0.012821 0.012821 0.012821 0.192308 0.012821 0.038462 
0.010417 0.031250 0.052083 0.010417 0.031250 0.052083 0.010417 0.010417 0.010417 0.010417 0.031250 0.010417 0.093750 0.052083 0.031250 0.031250 0.031250 0.010417 0.427083 0.052083 
0.014286 0.071429 0.014286 0.014286 0.042857 0.071429 0.014286 0.014286 0.014286 0.042857 0.014286 0.042857 0.100000 0.014286 0.271429 0.071429 0.014286 0.014286 0.071429 0.071429 
0.039474 0.013158 0.013158 0.013158 0.013158 0.013158 0.013158 0.013158 0.513158 0.013158 0.013158 0.039474 0.013158 0.013158 0.013158 0.039474 0.092105 0.013158 0.092105 0.013158 
0.193182 0.034091 0.011364 0.034091 0.011364 0.034091 0.056818 0.011364 0.079545 0.011364 0.011364 0.056818 0.011364 0.011364 0.147727 0.102273 0.011364 0.056818 0.011364 0.102273 
0.010638 0.010638 0.010638 0.734043 0.010638 0.031915 0.031915 0.010638 0.010638 0.010638 0.010638 0.010638 0.010638 0.010638 0.031915 0.010638 0.010638 0.010638 0.010638 0.010638 
0.013514 0.121622 0.013514 0.013514 0.013514 0.013514 0.013514 0.013514 0.013514 0.040541 0.040541 0.013514 0.040541 0.013514 0.067568 0.283784 0.013514 0.202703 0.040541 0.013514 
0.012821 0.012821 0.038462 0.012821 0.012821 0.012821 0.012821 0.012821 0.012821 0.012821 0.038462 0.679487 0.012821 0.038462 0.012821 0.012821 0.012821 0.012821 0.012821 0.012821 
0.010417 0.010417 0.010417 0.010417 0.010417 0.031250 0.010417 0.385417 0.010417 0.031250 0.072917 0.177083 0.010417 0.010417 0.072917 0.010417 0.072917 0.031250 0.010417 0.010417 
0.662500 0.037500 0.012500 0.012500 0.012500 0.012500 0.012500 0.012500 0.012500 0.012500 0.062500 0.037500 0.012500 0.012500 0.012500 0.012500 0.012500 0.012500 0.012500 0.012500 
0.014286 0.014286 0.014286 0.042857 0.071429 0.042857 0.042857 0.300000 0.014286 0.014286 0.014286 0.014286 0.042857 0.042857 0.042857 0.014286 0.071429 0.014286 0.014286 0.157143 
0.151163 0.011628 0.081395 0.104651 0.127907 0.081395 0.011628 0.011628 0.011628 0.011628 0.011628 0.011628 0.034884 0.058140 0.127907 0.034884 0.011628 0.011628 0.081395 0.011628 
0.097222 0.041667 0.041667 0.041667 0.069444 0.041667 0.041667 0.208333 0.152778 0.013889 0.013889 0.013889 0.069444 0.013889 0.013889 0.013889 0.069444 0.013889 0.013889 0.013889 
0.308824 0.014706 0.014706 0.014706 0.014706 0.014706 0.044118 0.014706 0.014706 0.044118 0.044118 0.220588 0.014706 0.014706 0.044118 0.014706 0.014706 0.044118 0.073529 0.014706 
0.011628 0.011628 0.011628 0.011628 0.011628 0.011628 0.011628 0.011628 0.011628 0.011628 0.011628 0.011628 0.500000 0.011628 0.034884 0.034884 0.011628 0.011628 0.151163 0.104651 
0.107143 0.011905 0.154762 0.011905 0.035714 0.011905 0.011905 0.083333 0.083333 0.011905 0.178571 0.035714 0.011905 0.035714 0.130952 0.011905 0.011905 0.035714 0.011905 0.011905 
0.018519 0.018519 0.018519 0.018519 0.018519 0.018519 0.018519 0.018519 0.018519 0.018519 0.018519 0.018519 0.018519 0.018519 0.018519 0.092593 0.018519 0.018519 0.574074 0.018519 
0.033333 0.033333 0.011111 0.033333 0.033333 0.011111 0.011111 0.188889 0.033333 0.011111 0.033333 0.011111 0.055556 0.011111 0.033333 0.011111 0.144444 0.011111 0.122222 0.166667 
0.044118 0.014706 0.014706 0.102941 0.014706 0.014706 0.073529 0.073529 0.014706 0.044118 0.044118 0.014706 0.044118 0.161765 0.014706 0.073529 0.014706 0.191176 0.014706 0.014706 
0.086538 0.028846 0.009615 0.086538 0.009615 0.009615 0.163462 0.028846 0.028846 0.009615 0.067308 0.009615 0.125000 0.009615 0.009615 0.086538 0.009615 0.182692 0.009615 0.028846 
0.040541 0.013514 0.013514 0.013514 0.013514 0.094595 0.013514 0.337838 0.040541 0.013514 0.013514 0.040541 0.094595 0.013514 0.121622 0.013514 0.040541 0.013514 0.040541 0.013514 
0.012821 0.012821 0.551282 0.012821 0.012821 0.012821 0.012821 0.012821 0.012821 0.012821 0.089744 0.012821 0.012821 0.089744 0.012821 0.012821 0.038462 0.012821 0.038462 0.012821 
0.015625 0.015625 0.015625 0.015625 0.015625 0.015625 0.015625 0.015625 0.015625 0.015625 0.015625 0.453125 0.015625 0.015625 0.265625 0.015625 0.015625 0.015625 0.015625 0.015625 
0.065789 0.065789 0.013158 0.013158 0.092105 0.276316 0.039474 0.065789 0.013158 0.013158 0.013158 0.039474 0.013158 0.013158 0.144737 0.013158 0.013158 0.039474 0.039474 0.013158 
0.019231 0.019231 0.057692 0.250000 0.096154 0.019231 0.019231 0.019231 0.019231 0.019231 0.096154 0.019231 0.019231 0.019231 0.019231 0.057692 0.096154 0.019231 0.019231 0.096154 
0.011628 0.011628 0.011628 0.081395 0.267442 0.011628 0.011628 0.011628 0.011628 0.011628 0.011628 0.011628 0.011628 0.011628 0.034884 0.011628 0.011628 0.313953 0.011628 0.127907 
0.014706 0.014706 0.014706 0.044118 0.102941 0.044118 0.014706 0.073529 0.014706 0.014706 0.044118 0.014706 0.014706 0.014706 0.014706 0.014706 0.014706 0.044118 0.014706 0.455882 
0.010000 0.070000 0.070000 0.030000 0.050000 0.050000 0.090000 0.210000 0.150000 0.010000 0.050000 0.010000 0.010000 0.010000 0.090000 0.010000 0.030000 0.010000 0.030000 0.010000 
0.011111 0.033333 0.011111 0.011111 0.011111 0.033333 0.011111 0.011111 0.033333 0.011111 0.011111 0.011111 0.011111 0.011111 0.011111 0.011111 0.011111 0.722222 0.011111 0.011111 
0.034091 0.011364 0.056818 0.011364 0.011364 0.147727 0.011364 0.034091 0.170455 0.034091 0.011364 0.034091 0.034091 0.011364 0.011364 0.056818 0.034091 0.011364 0.193182 0.079545 
0.033333 0.011111 0.011111 0.055556 0.033333 0.055556 0.011111 0.011111 0.388889 0.011111 0.033333 0.011111 0.011111 0.033333 0.055556 0.011111 0.077778 0.033333 0.100000 0.011111 
0.079545 0.011364 0.011364 0.034091 0.011364 0.011364 0.079545 0.011364 0.011364 0.011364 0.034091 0.011364 0.329545 0.034091 0.034091 0.170455 0.011364 0.011364 0.056818 0.034091 
0.011905 0.035714 0.011905 0.035714 0.011905 0.488095 0.011905 0.011905 0.011905 0.011905 0.035714 0.011905 0.011905 0.035714 0.011905 0.011905 0.011905 0.011905 0.083333 0.130952 
0.031250 0.072917 0.010417 0.010417 0.010417 0.010417 0.031250 0.010417 0.072917 0.010417 0.031250 0.052083 0.010417 0.010417 0.010417 0.010417 0.010417 0.052083 0.010417 0.531250 
0.103774 0.047170 0.009434 0.084906 0.009434 0.009434 0.122642 0.009434 0.349057 0.009434 0.028302 0.009434 0.009434 0.028302 0.009434 0.009434 0.066038 0.047170 0.009434 0.028302 
0.011905 0.011905 0.011905 0.011905 0.011905 0.035714 0.011905 0.011905 0.726190 0.011905 0.011905 0.011905 0.011905 0.011905 0.011905 0.011905 0.011905 0.035714 0.011905 0.011905 
0.010638 0.010638 0.010638 0.010638 0.031915 0.010638 0.053191 0.031915 0.010638 0.010638 0.010638 0.010638 0.542553 0.010638 0.010638 0.010638 0.010638 0.010638 0.180851 0.010638 
0.048077 0.009615 0.009615 0.009615 0.009615 0.009615 0.067308 0.009615 0.048077 0.009615 0.028846 0.009615 0.048077 0.009615 0.067308 0.028846 0.125000 0.028846 0.278846 0.144231 
0.044118 0.014706 0.044118 0.014706 0.014706 0.044118 0.014706 0.014706 0.014706 0.014706 0.014706 0.544118 0.044118 0.044118 0.014706 0.014706 0.014706 0.044118 0.014706 0.014706 
0.045455 0.015152 0.015152 0.015152 0.015152 0.015152 0.015152 0.015152 0.015152 0.015152 0.106061 0.045455 0.015152 0.015152 0.530303 0.015152 0.015152 0.045455 0.015152 0.015152 
0.369048 0.035714 0.011905 0.011905 0.035714 0.107143 0.011905 0.154762 0.035714 0.011905 0.011905 0.035714 0.011905 0.035714 0.011905 0.011905 0.011905 0.011905 0.035714 0.035714 
0.018519 0.351852 0.018519 0.018519 0.055556 0.018519 0.018519 0.018519 0.018519 0.055556 0.092593 0.055556 0.018519 0.018519 0.055556 0.018519 0.018519 0.018519 0.018519 0.092593 
0.029412 0.029412 0.029412 0.029412 0.029412 0.029412 0.029412 0.029412 0.029412 0.029412 0.029412 0.029412 0.029412 0.029412 0.441176 0.029412 0.029412 0.029412 0.029412 0.029412 
0.010638 0.010638 0.010638 0.010638 0.010638 0.010638 0.010638 0.010638 0.031915 0.010638 0.180851 0.010638 0.010638 0.010638 0.010638 0.053191 0.010638 0.010638 0.436170 0.138298 
0.013889 0.013889 0.013889 0.013889 0.013889 0.013889 0.013889 0.041667 0.013889 0.013889 0.430556 0.263889 0.013889 0.013889 0.041667 0.013889 0.013889 0.013889 0.013889 0.013889 
0.017857 0.017857 0.017857 0.017857 0.017857 0.125000 0.017857 0.089286 0.267857 0.017857 0.053571 0.017857 0.017857 0.053571 0.053571 0.017857 0.017857 0.017857 0.053571 0.089286 
0.019231 0.019231 0.057692 0.019231 0.057692 0.019231 0.019231 0.057692 0.403846 0.019231 0.019231 0.096154 0.019231 0.019231 0.019231 0.019231 0.019231 0.019231 0.057692 0.019231 
0.012195 0.012195 0.060976 0.036585 0.012195 0.182927 0.036585 0.012195 0.012195 0.060976 0.012195 0.012195 0.012195 0.231707 0.109756 0.012195 0.012195 0.109756 0.012195 0.036585 
0.009615 0.009615 0.067308 0.009615 0.009615 0.009615 0.125000 0.048077 0.009615 0.009615 0.009615 0.009615 0.028846 0.009615 0.009615 0.009615 0.221154 0.009615 0.317308 0.067308 
0.050000 0.030000 0.030000 0.010000 0.510000 0.010000 0.030000 0.010000 0.050000 0.010000 0.030000 0.010000 0.010000 0.010000 0.030000 0.010000 0.110000 0.030000 0.010000 0.010000 
0.011628 0.011628 0.011628 0.011628 0.034884 0.011628 0.011628 0.011628 0.732558 0.011628 0.011628 0.011628 0.011628 0.011628 0.034884 0.011628 0.011628 0.011628 0.011628 0.011628 
0.017241 0.465517 0.017241 0.017241 0.051724 0.017241 0.017241 0.017241 0.086207 0.051724 0.051724 0.051724 0.017241 0.017241 0.017241 0.017241 0.017241 0.017241 0.017241 0.017241 
0.018519 0.018519 0.018519 0.018519 0.018519 0.018519 0.018519 0.018519 0.018519 0.018519 0.018519 0.018519 0.018519 0.574074 0.018519 0.092593 0.018519 0.018519 0.018519 0.018519 
0.015152 0.015152 0.015152 0.075758 0.015152 0.015152 0.015152 0.045455 0.015152 0.045455 0.106061 0.015152 0.015152 0.045455 0.015152 0.015152 0.015152 0.439394 0.015152 0.045455 
0.010870 0.010870 0.010870 0.032609 0.010870 0.010870 0.597826 0.032609 0.010870 0.010870 0.010870 0.010870 0.076087 0.010870 0.032609 0.010870 0.032609 0.054348 0.010870 0.010870 
0.022727 0.037879 0.022727 0.037879 0.007576 0.083333 0.022727 0.007576 0.007576 0.280303 0.037879 0.022727 0.007576 0.083333 0.007576 0.128788 0.022727 0.098485 0.007576 0.053030 
0.009804 0.029412 0.088235 0.205882 0.088235 0.068627 0.009804 0.009804 0.029412 0.009804 0.029412 0.009804 0.009804 0.147059 0.029412 0.009804 0.009804 0.166667 0.009804 0.029412 
0.009434 0.009434 0.009434 0.028302 0.254717 0.028302 0.066038 0.028302 0.009434 0.235849 0.009434 0.103774 0.028302 0.009434 0.009434 0.009434 0.066038 0.066038 0.009434 0.009434 
0.065217 0.021739 0.021739 0.021739 0.108696 0.021739 0.021739 0.021739 0.021739 0.021739 0.065217 0.021739 0.021739 0.195652 0.195652 0.021739 0.021739 0.021739 0.021739 0.065217 
0.012195 0.012195 0.012195 0.036585 0.012195 0.012195 0.012195 0.719512 0.012195 0.012195 0.012195 0.012195 0.012195 0.036585 0.012195 0.012195 0.012195 0.012195 0.012195 0.012195 
0.009804 0.009804 0.009804 0.009804 0.205882 0.049020 0.009804 0.009804 0.009804 0.009804 0.009804 0.009804 0.009804 0.009804 0.009804 0.009804 0.009804 0.009804 0.578431 0.009804 
0.038462 0.012821 0.115385 0.012821 0.038462 0.064103 0.038462 0.012821 0.192308 0.064103 0.012821 0.012821 0.012821 0.012821 0.012821 0.012821 0.064103 0.115385 0.141026 0.012821 
0.014706 0.073529 0.044118 0.014706 0.014706 0.014706 0.014706 0.014706 0.014706 0.044118 0.014706 0.044118 0.044118 0.044118 0.514706 0.014706 0.014706 0.014706 0.014706 0.014706 
0.089286 0.017857 0.017857 0.017857 0.053571 0.053571 0.017857 0.017857 0.017857 0.017857 0.017857 0.125000 0.053571 0.017857 0.303571 0.017857 0.017857 0.053571 0.017857 0.053571 
0.011628 0.011628 0.011628 0.011628 0.011628 0.034884 0.662791 0.011628 0.011628 0.011628 0.011628 0.011628 0.011628 0.011628 0.011628 0.011628 0.081395 0.011628 0.011628 0.034884 
0.037500 0.037500 0.037500 0.037500 0.312500 0.012500 0.187500 0.012500 0.012500 0.012500 0.012500 0.012500 0.012500 0.012500 0.012500 0.062500 0.012500 0.137500 0.012500 0.012500 
0.059524 0.011905 0.011905 0.035714 0.440476 0.011905 0.011905 0.011905 0.011905 0.011905 0.011905 0.011905 0.011905 0.011905 0.035714 0.083333 0.107143 0.011905 0.011905 0.083333 
0.010870 0.010870 0.054348 0.010870 0.010870 0.010870 0.119565 0.054348 0.032609 0.032609 0.076087 0.010870 0.010870 0.010870 0.010870 0.032609 0.293478 0.010870 0.184783 0.010870 
0.017857 0.017857 0.053571 0.053571 0.160714 0.053571 0.017857 0.017857 0.017857 0.017857 0.017857 0.017857 0.053571 0.017857 0.017857 0.089286 0.196429 0.053571 0.053571 0.053571 
0.075758 0.045455 0.015152 0.015152 0.287879 0.015152 0.015152 0.015152 0.015152 0.015152 0.015152 0.045455 0.015152 0.015152 0.015152 0.015152 0.015152 0.287879 0.015152 0.045455 
0.119048 0.166667 0.071429 0.023810 0.071429 0.023810 0.023810 0.023810 0.023810 0.023810 0.023810 0.023810 0.023810 0.023810 0.214286 0.023810 0.023810 0.023810 0.023810 0.023810 
0.014706 0.014706 0.044118 0.102941 0.102941 0.014706 0.044118 0.014706 0.014706 0.073529 0.014706 0.014706 0.044118 0.014706 0.014706 0.014706 0.044118 0.191176 0.044118 0.161765 
0.020000 0.020000 0.460000 0.020000 0.020000 0.020000 0.020000 0.020000 0.020000 0.020000 0.020000 0.020000 0.020000 0.060000 0.060000 0.020000 0.020000 0.020000 0.060000 0.060000 
0.012821 0.012821 0.012821 0.012821 0.012821 0.012821 0.038462 0.012821 0.012821 0.012821 0.012821 0.012821 0.012821 0.012821 0.012821 0.012821 0.012821 0.730769 0.012821 0.012821 
0.010870 0.010870 0.380435 0.032609 0.010870 0.032609 0.010870 0.010870 0.010870 0.010870 0.206522 0.010870 0.010870 0.054348 0.010870 0.010870 0.119565 0.032609 0.010870 0.010870 
0.115385 0.089744 0.064103 0.038462 0.089744 0.012821 0.012821 0.089744 0.012821 0.038462 0.038462 0.012821 0.038462 0.192308 0.064103 0.038462 0.012821 0.012821 0.012821 0.012821 
0.048387 0.016129 0.016129 0.048387 0.048387 0.016129 0.016129 0.016129 0.016129 0.080645 0.048387 0.016129 0.080645 0.016129 0.338710 0.080645 0.048387 0.016129 0.016129 0.016129 
0.012195 0.060976 0.012195 0.085366 0.012195 0.012195 0.012195 0.060976 0.012195 0.036585 0.280488 0.012195 0.012195 0.012195 0.012195 0.012195 0.012195 0.109756 0.012195 0.207317 
0.016129 0.016129 0.016129 0.016129 0.016129 0.080645 0.016129 0.016129 0.016129 0.016129 0.016129 0.048387 0.048387 0.016129 0.016129 0.564516 0.016129 0.016129 0.016129 0.016129 
0.030612 0.030612 0.010204 0.132653 0.091837 0.071429 0.010204 0.051020 0.010204 0.051020 0.010204 0.091837 0.091837 0.010204 0.051020 0.071429 0.132653 0.030612 0.010204 0.010204 
0.048387 0.016129 0.112903 0.016129 0.048387 0.016129 0.048387 0.016129 0.016129 0.080645 0.016129 0.080645 0.016129 0.016129 0.112903 0.209677 0.016129 0.016129 0.080645 0.016129 
0.078947 0.026316 0.026316 0.078947 0.026316 0.026316 0.026316 0.026316 0.026316 0.078947 0.131579 0.026316 0.131579 0.026316 0.078947 0.026316 0.078947 0.026316 0.026316 0.026316 
0.051020 0.030612 0.010204 0.010204 0.010204 0.030612 0.010204 0.153061 0.010204 0.010204 0.010204 0.010204 0.010204 0.051020 0.010204 0.010204 0.030612 0.010204 0.010204 0.520408 
0.011111 0.011111 0.011111 0.011111 0.011111 0.033333 0.055556 0.011111 0.011111 0.011111 0.011111 0.011111 0.055556 0.011111 0.011111 0.011111 0.011111 0.011111 0.011111 0.677778 
0.012821 0.089744 0.038462 0.064103 0.269231 0.012821 0.038462 0.012821 0.038462 0.012821 0.012821 0.012821 0.089744 0.166667 0.012821 0.012821 0.012821 0.038462 0.038462 0.012821 
0.013889 0.013889 0.013889 0.625000 0.013889 0.013889 0.041667 0.013889 0.013889 0.013889 0.013889 0.013889 0.013889 0.013889 0.013889 0.013889 0.013889 0.097222 0.013889 0.013889 
0.012821 0.064103 0.038462 0.038462 0.012821 0.012821 0.012821 0.012821 0.012821 0.012821 0.012821 0.012821 0.012821 0.012821 0.525641 0.012821 0.012821 0.012821 0.012821 0.141026 
0.010638 0.010638 0.010638 0.010638 0.010638 0.010638 0.010638 0.010638 0.010638 0.010638 0.010638 0.010638 0.010638 0.010638 0.010638 0.010638 0.797872 0.010638 0.010638 0.010638 
0.009804 0.009804 0.009804 0.009804 0.225490 0.009804 0.009804 0.049020 0.009804 0.225490 0.009804 0.107843 0.088235 0.009804 0.029412 0.088235 0.049020 0.009804 0.009804 0.029412 
0.011111 0.011111 0.366667 0.011111 0.011111 0.077778 0.077778 0.055556 0.033333 0.055556 0.011111 0.033333 0.011111 0.055556 0.011111 0.055556 0.011111 0.055556 0.011111 0.033333 
0.079545 0.079545 0.011364 0.147727 0.011364 0.102273 0.011364 0.193182 0.034091 0.125000 0.034091 0.011364 0.011364 0.011364 0.011364 0.034091 0.011364 0.011364 0.011364 0.056818 
0.097222 0.013889 0.013889 0.041667 0.013889 0.041667 0.208333 0.041667 0.041667 0.097222 0.125000 0.013889 0.013889 0.013889 0.041667 0.013889 0.013889 0.069444 0.069444 0.013889 
0.089286 0.375000 0.017857 0.017857 0.017857 0.089286 0.017857 0.017857 0.017857 0.017857 0.017857 0.017857 0.053571 0.125000 0.017857 0.017857 0.017857 0.017857 0.017857 0.017857 
0.077778 0.011111 0.033333 0.033333 0.011111 0.033333 0.122222 0.011111 0.055556 0.033333 0.011111 0.011111 0.033333 0.011111 0.233333 0.011111 0.011111 0.011111 0.011111 0.233333 
0.075758 0.045455 0.015152 0.045455 0.015152 0.106061 0.015152 0.015152 0.015152 0.015152 0.106061 0.045455 0.075758 0.015152 0.045455 0.196970 0.075758 0.015152 0.045455 0.015152 
0.012195 0.012195 0.012195 0.060976 0.012195 0.012195 0.085366 0.256098 0.012195 0.012195 0.036585 0.060976 0.060976 0.012195 0.158537 0.012195 0.036585 0.109756 0.012195 0.012195 
0.013889 0.013889 0.069444 0.013889 0.013889 0.125000 0.013889 0.125000 0.041667 0.069444 0.041667 0.152778 0.041667 0.041667 0.152778 0.013889 0.013889 0.013889 0.013889 0.013889 
0.010417 0.010417 0.239583 0.072917 0.010417 0.072917 0.052083 0.260417 0.010417 0.031250 0.010417 0.010417 0.010417 0.010417 0.031250 0.010417 0.031250 0.010417 0.010417 0.093750 
0.010870 0.054348 0.010870 0.010870 0.010870 0.010870 0.010870 0.010870 0.010870 0.010870 0.010870 0.706522 0.010870 0.010870 0.010870 0.032609 0.010870 0.032609 0.010870 0.010870 
0.016129 0.048387 0.080645 0.016129 0.048387 0.080645 0.016129 0.112903 0.016129 0.016129 0.145161 0.112903 0.016129 0.112903 0.048387 0.048387 0.016129 0.016129 0.016129 0.016129 
0.009804 0.068627 0.009804 0.186275 0.009804 0.127451 0.009804 0.009804 0.009804 0.009804 0.225490 0.009804 0.009804 0.107843 0.029412 0.009804 0.009804 0.029412 0.009804 0.107843 
0.102941 0.073529 0.014706 0.014706 0.044118 0.014706 0.014706 0.102941 0.073529 0.014706 0.308824 0.014706 0.014706 0.014706 0.014706 0.014706 0.044118 0.073529 0.014706 0.014706 
0.017857 0.017857 0.017857 0.017857 0.017857 0.017857 0.017857 0.053571 0.017857 0.160714 0.089286 0.017857 0.017857 0.017857 0.017857 0.053571 0.196429 0.017857 0.196429 0.017857 
0.011628 0.011628 0.127907 0.127907 0.034884 0.011628 0.011628 0.011628 0.011628 0.127907 0.011628 0.244186 0.127907 0.034884 0.011628 0.011628 0.011628 0.034884 0.011628 0.011628 
0.021739 0.021739 0.413043 0.021739 0.021739 0.021739 0.021739 0.065217 0.021739 0.021739 0.021739 0.021739 0.021739 0.108696 0.021739 0.021739 0.021739 0.065217 0.021739 0.021739 
0.010870 0.010870 0.010870 0.358696 0.119565 0.010870 0.010870 0.010870 0.076087 0.032609 0.032609 0.032609 0.054348 0.010870 0.010870 0.032609 0.076087 0.010870 0.076087 0.010870 
0.009615 0.028846 0.009615 0.009615 0.009615 0.009615 0.009615 0.028846 0.009615 0.009615 0.009615 0.009615 0.009615 0.528846 0.009615 0.009615 0.009615 0.240385 0.028846 0.009615 
0.011628 0.779070 0.011628 0.011628 0.011628 0.011628 0.011628 0.011628 0.011628 0.011628 0.011628 0.011628 0.011628 0.011628 0.011628 0.011628 0.011628 0.011628 0.011628 0.011628 
0.019231 0.057692 0.019231 0.057692 0.096154 0.057692 0.057692 0.019231 0.096154 0.096154 0.057692 0.019231 0.019231 0.057692 0.057692 0.019231 0.019231 0.134615 0.019231 0.019231 
0.019231 0.057692 0.096154 0.057692 0.057692 0.019231 0.019231 0.096154 0.019231 0.134615 0.134615 0.019231 0.096154 0.019231 0.057692 0.019231 0.019231 0.019231 0.019231 0.019231 
0.025000 0.075000 0.025000 0.025000 0.025000 0.125000 0.025000 0.025000 0.025000 0.075000 0.025000 0.025000 0.075000 0.025000 0.025000 0.175000 0.025000 0.025000 0.125000 0.025000 
0.071429 0.014286 0.042857 0.042857 0.014286 0.042857 0.014286 0.014286 0.071429 0.014286 0.100000 0.042857 0.071429 0.071429 0.042857 0.014286 0.042857 0.014286 0.185714 0.071429 
0.078947 0.026316 0.026316 0.078947 0.026316 0.026316 0.026316 0.026316 0.026316 0.026316 0.026316 0.184211 0.026316 0.026316 0.184211 0.026316 0.026316 0.026316 0.026316 0.078947 
0.018519 0.388889 0.018519 0.018519 0.018519 0.018519 0.018519 0.018519 0.055556 0.055556 0.055556 0.018519 0.018519 0.018519 0.018519 0.018519 0.092593 0.018519 0.092593 0.018519 
0.009615 0.259615 0.009615 0.009615 0.009615 0.067308 0.144231 0.009615 0.144231 0.067308 0.009615 0.009615 0.009615 0.009615 0.028846 0.067308 0.086538 0.009615 0.009615 0.028846 
0.011364 0.034091 0.034091 0.011364 0.011364 0.034091 0.079545 0.056818 0.034091 0.011364 0.011364 0.011364 0.056818 0.056818 0.011364 0.011364 0.170455 0.284091 0.034091 0.034091 
0.020000 0.020000 0.020000 0.020000 0.020000 0.020000 0.020000 0.180000 0.060000 0.020000 0.020000 0.020000 0.020000 0.060000 0.300000 0.020000 0.100000 0.020000 0.020000 0.020000 
0.010638 0.287234 0.074468 0.095745 0.010638 0.010638 0.010638 0.053191 0.010638 0.031915 0.031915 0.095745 0.010638 0.053191 0.074468 0.074468 0.031915 0.010638 0.010638 0.010638 
0.085366 0.012195 0.012195 0.012195 0.012195 0.109756 0.036585 0.500000 0.036585 0.012195 0.012195 0.012195 0.012195 0.012195 0.012195 0.012195 0.012195 0.012195 0.060976 0.012195 
0.011628 0.011628 0.011628 0.011628 0.034884 0.011628 0.523256 0.011628 0.034884 0.034884 0.011628 0.034884 0.058140 0.011628 0.034884 0.058140 0.034884 0.011628 0.034884 0.011628 
0.040541 0.013514 0.013514 0.013514 0.040541 0.040541 0.040541 0.040541 0.013514 0.013514 0.013514 0.202703 0.040541 0.013514 0.283784 0.013514 0.013514 0.094595 0.040541 0.013514 
0.012821 0.012821 0.012821 0.012821 0.012821 0.012821 0.038462 0.705128 0.012821 0.012821 0.012821 0.012821 0.012821 0.012821 0.012821 0.012821 0.012821 0.012821 0.012821 0.038462 
0.053191 0.010638 0.031915 0.010638 0.010638 0.010638 0.180851 0.031915 0.031915 0.010638 0.010638 0.010638 0.010638 0.010638 0.074468 0.095745 0.329787 0.010638 0.053191 0.010638 
0.010870 0.010870 0.010870 0.010870 0.010870 0.010870 0.010870 0.010870 0.010870 0.010870 0.010870 0.793478 0.010870 0.010870 0.010870 0.010870 0.010870 0.010870 0.010870 0.010870 
0.033333 0.011111 0.011111 0.033333 0.033333 0.011111 0.011111 0.233333 0.033333 0.011111 0.011111 0.011111 0.033333 0.033333 0.300000 0.122222 0.011111 0.011111 0.033333 0.011111 
0.010417 0.010417 0.010417 0.010417 0.010417 0.010417 0.010417 0.010417 0.010417 0.010417 0.010417 0.010417 0.802083 0.010417 0.010417 0.010417 0.010417 0.010417 0.010417 0.010417 
0.009434 0.009434 0.009434 0.028302 0.009434 0.009434 0.009434 0.028302 0.009434 0.009434 0.103774 0.009434 0.028302 0.066038 0.047170 0.009434 0.103774 0.009434 0.481132 0.009434 
0.083333 0.011905 0.011905 0.011905 0.011905 0.059524 0.035714 0.035714 0.035714 0.035714 0.011905 0.011905 0.011905 0.011905 0.035714 0.035714 0.011905 0.392857 0.035714 0.107143 
0.017241 0.017241 0.017241 0.017241 0.017241 0.086207 0.017241 0.017241 0.568966 0.017241 0.017241 0.017241 0.017241 0.017241 0.017241 0.017241 0.051724 0.017241 0.017241 0.017241 
0.020833 0.020833 0.062500 0.437500 0.020833 0.020833 0.020833 0.020833 0.062500 0.020833 0.020833 0.020833 0.020833 0.020833 0.062500 0.020833 0.020833 0.020833 0.062500 0.020833 
0.013158 0.092105 0.013158 0.092105 0.039474 0.013158 0.013158 0.013158 0.013158 0.013158 0.092105 0.013158 0.013158 0.013158 0.171053 0.302632 0.013158 0.013158 0.013158 0.039474 
0.115385 0.012821 0.012821 0.012821 0.012821 0.012821 0.038462 0.012821 0.012821 0.012821 0.012821 0.038462 0.115385 0.012821 0.012821 0.012821 0.192308 0.115385 0.141026 0.089744 
0.184211 0.026316 0.026316 0.026316 0.026316 0.026316 0.026316 0.026316 0.026316 0.026316 0.026316 0.026316 0.026316 0.026316 0.289474 0.026316 0.078947 0.026316 0.026316 0.026316 
0.012195 0.012195 0.012195 0.012195 0.012195 0.012195 0.012195 0.085366 0.085366 0.012195 0.060976 0.012195 0.500000 0.012195 0.012195 0.036585 0.012195 0.036585 0.036585 0.012195 
0.012821 0.012821 0.038462 0.089744 0.012821 0.089744 0.012821 0.192308 0.012821 0.012821 0.038462 0.038462 0.012821 0.038462 0.012821 0.038462 0.012821 0.012821 0.089744 0.217949 
0.092593 0.018519 0.018519 0.018519 0.018519 0.018519 0.055556 0.018519 0.092593 0.018519 0.018519 0.018519 0.018519 0.018519 0.092593 0.129630 0.129630 0.129630 0.055556 0.018519 
0.009434 0.009434 0.066038 0.028302 0.160377 0.009434 0.084906 0.009434 0.028302 0.009434 0.009434 0.009434 0.009434 0.103774 0.028302 0.028302 0.084906 0.179245 0.047170 0.084906 
0.017241 0.017241 0.017241 0.017241 0.017241 0.051724 0.293103 0.051724 0.017241 0.017241 0.051724 0.051724 0.155172 0.017241 0.051724 0.017241 0.017241 0.051724 0.051724 0.017241 
0.011111 0.011111 0.033333 0.500000 0.011111 0.055556 0.055556 0.055556 0.077778 0.011111 0.011111 0.011111 0.011111 0.033333 0.011111 0.033333 0.011111 0.011111 0.011111 0.033333 
0.013158 0.013158 0.013158 0.013158 0.013158 0.750000 0.013158 0.013158 0.013158 0.013158 0.013158 0.013158 0.013158 0.013158 0.013158 0.013158 0.013158 0.013158 0.013158 0.013158 
0.010870 0.010870 0.010870 0.076087 0.489130 0.010870 0.010870 0.010870 0.010870 0.010870 0.032609 0.010870 0.010870 0.010870 0.032609 0.032609 0.054348 0.032609 0.010870 0.119565 
0.055556 0.055556 0.092593 0.055556 0.018519 0.055556 0.018519 0.092593 0.018519 0.018519 0.018519 0.018519 0.018519 0.240741 0.055556 0.018519 0.055556 0.018519 0.055556 0.018519 
0.016129 0.016129 0.209677 0.080645 0.016129 0.016129 0.016129 0.048387 0.016129 0.016129 0.048387 0.048387 0.080645 0.080645 0.112903 0.048387 0.016129 0.080645 0.016129 0.016129 
0.014706 0.014706 0.367647 0.014706 0.014706 0.014706 0.014706 0.014706 0.279412 0.014706 0.014706 0.044118 0.014706 0.044118 0.014706 0.014706 0.014706 0.044118 0.014706 0.014706 
0.015152 0.015152 0.015152 0.045455 0.075758 0.015152 0.015152 0.015152 0.075758 0.015152 0.015152 0.015152 0.015152 0.409091 0.015152 0.075758 0.045455 0.015152 0.075758 0.015152 
0.011111 0.011111 0.011111 0.011111 0.011111 0.011111 0.033333 0.011111 0.011111 0.033333 0.011111 0.011111 0.011111 0.011111 0.011111 0.011111 0.011111 0.011111 0.077778 0.677778 
0.034884 0.011628 0.034884 0.011628 0.011628 0.011628 0.011628 0.011628 0.011628 0.011628 0.011628 0.011628 0.686047 0.011628 0.034884 0.011628 0.011628 0.011628 0.034884 0.011628 
0.010638 0.010638 0.010638 0.010638 0.010638 0.031915 0.010638 0.010638 0.010638 0.010638 0.010638 0.010638 0.010638 0.010638 0.010638 0.734043 0.010638 0.010638 0.010638 0.053191 
0.017241 0.327586 0.017241 0.017241 0.051724 0.086207 0.017241 0.017241 0.017241 0.017241 0.017241 0.017241 0.051724 0.017241 0.017241 0.051724 0.017241 0.017241 0.017241 0.189655 
0.017857 0.017857 0.053571 0.267857 0.017857 0.017857 0.017857 0.089286 0.053571 0.089286 0.089286 0.017857 0.017857 0.017857 0.017857 0.017857 0.053571 0.017857 0.017857 0.089286 
0.016129 0.048387 0.048387 0.274194 0.080645 0.016129 0.016129 0.016129 0.145161 0.016129 0.080645 0.016129 0.016129 0.048387 0.048387 0.016129 0.016129 0.016129 0.048387 0.016129 
0.018519 0.018519 0.018519 0.018519 0.018519 0.018519 0.018519 0.018519 0.018519 0.018519 0.018519 0.203704 0.018519 0.018519 0.425926 0.055556 0.018519 0.018519 0.018519 0.018519 
0.009615 0.028846 0.009615 0.028846 0.182692 0.009615 0.086538 0.413462 0.009615 0.086538 0.009615 0.009615 0.009615 0.009615 0.048077 0.009615 0.009615 0.009615 0.009615 0.009615 
0.013514 0.635135 0.013514 0.013514 0.013514 0.013514 0.067568 0.013514 0.067568 0.013514 0.013514 0.013514 0.013514 0.013514 0.013514 0.013514 0.013514 0.013514 0.013514 0.013514 
0.017857 0.017857 0.017857 0.053571 0.446429 0.017857 0.017857 0.017857 0.017857 0.017857 0.017857 0.017857 0.017857 0.017857 0.017857 0.017857 0.053571 0.125000 0.053571 0.017857 
0.020000 0.020000 0.100000 0.020000 0.020000 0.020000 0.020000 0.260000 0.060000 0.100000 0.020000 0.020000 0.020000 0.020000 0.100000 0.060000 0.020000 0.020000 0.020000 0.060000 
0.016667 0.016667 0.016667 0.016667 0.016667 0.016667 0.016667 0.083333 0.016667 0.050000 0.016667 0.016667 0.016667 0.016667 0.583333 0.016667 0.016667 0.016667 0.016667 0.016667 
0.094595 0.013514 0.013514 0.040541 0.013514 0.013514 0.013514 0.013514 0.094595 0.013514 0.283784 0.013514 0.121622 0.013514 0.013514 0.040541 0.040541 0.013514 0.094595 0.040541 
0.055556 0.011111 0.011111 0.011111 0.033333 0.011111 0.011111 0.055556 0.011111 0.011111 0.011111 0.011111 0.011111 0.011111 0.011111 0.122222 0.144444 0.344444 0.100000 0.011111 
0.010000 0.030000 0.030000 0.010000 0.010000 0.110000 0.370000 0.050000 0.070000 0.010000 0.050000 0.010000 0.010000 0.030000 0.010000 0.050000 0.010000 0.030000 0.010000 0.090000 
0.012821 0.012821 0.012821 0.038462 0.012821 0.012821 0.038462 0.012821 0.012821 0.012821 0.012821 0.012821 0.012821 0.064103 0.012821 0.038462 0.012821 0.012821 0.038462 0.602564 
0.010417 0.010417 0.010417 0.010417 0.031250 0.010417 0.718750 0.010417 0.010417 0.031250 0.010417 0.010417 0.031250 0.010417 0.010417 0.010417 0.010417 0.010417 0.031250 0.010417 
0.020000 0.020000 0.460000 0.020000 0.020000 0.060000 0.060000 0.020000 0.020000 0.020000 0.100000 0.020000 0.020000 0.020000 0.020000 0.020000 0.020000 0.020000 0.020000 0.020000 
0.060976 0.012195 0.012195 0.012195 0.012195 0.012195 0.012195 0.012195 0.012195 0.012195 0.036585 0.012195 0.695122 0.012195 0.012195 0.012195 0.012195 0.012195 0.012195 0.012195 
0.013158 0.013158 0.013158 0.039474 0.039474 0.013158 0.013158 0.013158 0.460526 0.039474 0.065789 0.013158 0.039474 0.013158 0.013158 0.144737 0.013158 0.013158 0.013158 0.013158 
0.071429 0.014286 0.014286 0.014286 0.014286 0.014286 0.042857 0.214286 0.042857 0.042857 0.071429 0.014286 0.014286 0.014286 0.042857 0.014286 0.042857 0.071429 0.214286 0.014286 
0.040541 0.013514 0.040541 0.094595 0.013514 0.013514 0.013514 0.013514 0.067568 0.040541 0.013514 0.013514 0.013514 0.013514 0.040541 0.040541 0.013514 0.013514 0.472973 0.013514 
0.030000 0.070000 0.010000 0.030000 0.010000 0.110000 0.010000 0.010000 0.010000 0.170000 0.010000 0.010000 0.030000 0.290000 0.090000 0.010000 0.010000 0.010000 0.030000 0.050000 
0.011628 0.011628 0.011628 0.011628 0.011628 0.011628 0.011628 0.011628 0.011628 0.011628 0.011628 0.011628 0.011628 0.011628 0.011628 0.011628 0.011628 0.011628 0.755814 0.034884 
0.180556 0.013889 0.013889 0.041667 0.013889 0.041667 0.180556 0.013889 0.208333 0.041667 0.041667 0.041667 0.013889 0.013889 0.013889 0.041667 0.041667 0.013889 0.013889 0.013889 
0.013514 0.013514 0.040541 0.013514 0.013514 0.040541 0.013514 0.013514 0.013514 0.040541 0.013514 0.148649 0.013514 0.202703 0.310811 0.013514 0.040541 0.013514 0.013514 0.013514 
0.071429 0.023810 0.119048 0.071429 0.023810 0.023810 0.023810 0.071429 0.023810 0.023810 0.071429 0.071429 0.023810 0.023810 0.119048 0.023810 0.023810 0.023810 0.119048 0.023810 
0.014706 0.044118 0.014706 0.014706 0.014706 0.044118 0.044118 0.044118 0.014706 0.014706 0.014706 0.014706 0.014706 0.014706 0.044118 0.014706 0.014706 0.014706 0.573529 0.014706 
0.021739 0.021739 0.586957 0.021739 0.021739 0.021739 0.021739 0.021739 0.021739 0.021739 0.021739 0.021739 0.021739 0.021739 0.021739 0.021739 0.021739 0.021739 0.021739 0.021739 
0.013889 0.013889 0.375000 0.013889 0.069444 0.013889 0.013889 0.013889 0.097222 0.013889 0.069444 0.125000 0.013889 0.041667 0.013889 0.013889 0.013889 0.013889 0.013889 0.041667 
0.036585 0.012195 0.012195 0.012195 0.207317 0.036585 0.012195 0.012195 0.158537 0.134146 0.060976 0.036585 0.060976 0.012195 0.012195 0.012195 0.012195 0.012195 0.012195 0.134146 
0.010417 0.031250 0.010417 0.010417 0.031250 0.697917 0.010417 0.010417 0.010417 0.010417 0.010417 0.052083 0.010417 0.010417 0.010417 0.010417 0.010417 0.031250 0.010417 0.010417 
0.058140 0.034884 0.081395 0.011628 0.011628 0.034884 0.058140 0.011628 0.011628 0.011628 0.011628 0.011628 0.011628 0.011628 0.058140 0.011628 0.011628 0.104651 0.313953 0.127907 
0.017857 0.053571 0.125000 0.017857 0.053571 0.017857 0.017857 0.160714 0.017857 0.089286 0.017857 0.125000 0.053571 0.017857 0.017857 0.017857 0.053571 0.053571 0.053571 0.017857 
0.012195 0.012195 0.060976 0.402439 0.036585 0.036585 0.085366 0.012195 0.036585 0.012195 0.085366 0.012195 0.060976 0.012195 0.012195 0.060976 0.012195 0.012195 0.012195 0.012195 
0.055556 0.166667 0.018519 0.018519 0.018519 0.018519 0.055556 0.055556 0.018519 0.018519 0.055556 0.018519 0.018519 0.055556 0.018519 0.092593 0.018519 0.018519 0.203704 0.055556 
0.038462 0.089744 0.038462 0.038462 0.012821 0.012821 0.012821 0.064103 0.012821 0.012821 0.012821 0.089744 0.012821 0.217949 0.217949 0.012821 0.012821 0.038462 0.012821 0.038462 
0.030612 0.010204 0.010204 0.030612 0.010204 0.010204 0.010204 0.010204 0.010204 0.010204 0.010204 0.010204 0.010204 0.010204 0.010204 0.091837 0.010204 0.010204 0.030612 0.663265 
0.012500 0.012500 0.012500 0.012500 0.012500 0.012500 0.012500 0.012500 0.762500 0.012500 0.012500 0.012500 0.012500 0.012500 0.012500 0.012500 0.012500 0.012500 0.012500 0.012500 
0.019231 0.019231 0.019231 0.019231 0.019231 0.019231 0.019231 0.019231 0.019231 0.019231 0.019231 0.019231 0.019231 0.019231 0.634615 0.019231 0.019231 0.019231 0.019231 0.019231 
0.014706 0.102941 0.044118 0.014706 0.102941 0.073529 0.014706 0.132353 0.044118 0.014706 0.014706 0.250000 0.073529 0.014706 0.014706 0.014706 0.014706 0.014706 0.014706 0.014706 
0.011364 0.011364 0.215909 0.079545 0.011364 0.034091 0.011364 0.011364 0.261364 0.011364 0.079545 0.011364 0.011364 0.011364 0.034091 0.056818 0.034091 0.011364 0.011364 0.079545 
0.021739 0.021739 0.021739 0.021739 0.065217 0.065217 0.021739 0.021739 0.021739 0.021739 0.021739 0.021739 0.021739 0.282609 0.021739 0.108696 0.021739 0.108696 0.021739 0.065217 
0.012500 0.012500 0.012500 0.012500 0.012500 0.012500 0.012500 0.012500 0.762500 0.012500 0.012500 0.012500 0.012500 0.012500 0.012500 0.012500 0.012500 0.012500 0.012500 0.012500 
0.030000 0.010000 0.010000 0.270000 0.030000 0.010000 0.010000 0.010000 0.050000 0.030000 0.010000 0.110000 0.030000 0.150000 0.010000 0.030000 0.170000 0.010000 0.010000 0.010000 
0.013889 0.013889 0.013889 0.013889 0.319444 0.069444 0.041667 0.069444 0.041667 0.013889 0.013889 0.041667 0.013889 0.041667 0.097222 0.069444 0.013889 0.013889 0.013889 0.069444 
0.011364 0.056818 0.034091 0.102273 0.011364 0.011364 0.034091 0.125000 0.011364 0.238636 0.034091 0.056818 0.011364 0.011364 0.011364 0.011364 0.011364 0.193182 0.011364 0.011364 
0.045455 0.348485 0.015152 0.015152 0.015152 0.075758 0.045455 0.015152 0.015152 0.015152 0.136364 0.075758 0.015152 0.015152 0.015152 0.045455 0.045455 0.015152 0.015152 0.015152 
0.011905 0.035714 0.011905 0.059524 0.011905 0.011905 0.011905 0.011905 0.011905 0.083333 0.011905 0.011905 0.083333 0.011905 0.011905 0.011905 0.011905 0.011905 0.011905 0.559524 
0.009259 0.009259 0.027778 0.064815 0.138889 0.157407 0.083333 0.101852 0.027778 0.027778 0.046296 0.009259 0.009259 0.027778 0.009259 0.212963 0.009259 0.009259 0.009259 0.009259 
0.011905 0.011905 0.083333 0.321429 0.011905 0.011905 0.154762 0.011905 0.011905 0.083333 0.011905 0.011905 0.011905 0.059524 0.011905 0.035714 0.011905 0.107143 0.011905 0.011905 
0.033333 0.011111 0.077778 0.033333 0.011111 0.033333 0.033333 0.033333 0.033333 0.011111 0.011111 0.011111 0.011111 0.011111 0.011111 0.544444 0.011111 0.033333 0.011111 0.033333 
0.029412 0.029412 0.009804 0.009804 0.068627 0.009804 0.068627 0.029412 0.009804 0.049020 0.029412 0.009804 0.009804 0.009804 0.009804 0.009804 0.441176 0.029412 0.127451 0.009804 
0.019231 0.019231 0.096154 0.019231 0.057692 0.019231 0.057692 0.019231 0.019231 0.057692 0.019231 0.019231 0.019231 0.019231 0.019231 0.019231 0.019231 0.019231 0.019231 0.442308 
0.321429 0.178571 0.011905 0.011905 0.011905 0.059524 0.059524 0.035714 0.011905 0.059524 0.035714 0.011905 0.011905 0.011905 0.011905 0.035714 0.011905 0.059524 0.035714 0.011905 
0.012195 0.036585 0.036585 0.012195 0.012195 0.353659 0.036585 0.012195 0.158537 0.012195 0.012195 0.060976 0.012195 0.036585 0.012195 0.012195 0.060976 0.060976 0.036585 0.012195 
0.012195 0.012195 0.036585 0.036585 0.012195 0.158537 0.012195 0.012195 0.451220 0.012195 0.036585 0.012195 0.036585 0.012195 0.012195 0.036585 0.012195 0.012195 0.012195 0.060976 
0.014706 0.514706 0.073529 0.014706 0.014706 0.014706 0.014706 0.014706 0.014706 0.073529 0.014706 0.014706 0.014706 0.014706 0.014706 0.044118 0.014706 0.073529 0.014706 0.014706 
0.017857 0.089286 0.053571 0.017857 0.017857 0.017857 0.017857 0.017857 0.196429 0.017857 0.017857 0.089286 0.125000 0.017857 0.160714 0.017857 0.017857 0.017857 0.053571 0.017857 
0.011628 0.011628 0.081395 0.174419 0.220930 0.058140 0.011628 0.011628 0.011628 0.034884 0.034884 0.011628 0.011628 0.011628 0.011628 0.034884 0.011628 0.174419 0.058140 0.011628 
0.010417 0.010417 0.031250 0.010417 0.031250 0.031250 0.010417 0.114583 0.010417 0.010417 0.052083 0.010417 0.010417 0.010417 0.010417 0.010417 0.031250 0.010417 0.552083 0.031250 
0.021739 0.456522 0.065217 0.021739 0.021739 0.021739 0.021739 0.065217 0.021739 0.021739 0.021739 0.021739 0.065217 0.021739 0.021739 0.021739 0.021739 0.021739 0.021739 0.021739 
0.011364 0.011364 0.011364 0.011364 0.011364 0.011364 0.011364 0.602273 0.011364 0.011364 0.011364 0.011364 0.011364 0.011364 0.034091 0.011364 0.079545 0.034091 0.079545 0.011364 
0.015625 0.046875 0.046875 0.015625 0.078125 0.171875 0.015625 0.015625 0.265625 0.015625 0.109375 0.015625 0.015625 0.046875 0.015625 0.015625 0.046875 0.015625 0.015625 0.015625 
0.012500 0.012500 0.012500 0.662500 0.012500 0.037500 0.012500 0.012500 0.012500 0.012500 0.012500 0.012500 0.012500 0.012500 0.037500 0.012500 0.012500 0.012500 0.062500 0.012500 
0.063636 0.027273 0.009091 0.027273 0.027273 0.118182 0.009091 0.027273 0.045455 0.009091 0.081818 0.009091 0.009091 0.009091 0.009091 0.027273 0.009091 0.009091 0.463636 0.009091 
0.009804 0.009804 0.049020 0.009804 0.088235 0.049020 0.009804 0.009804 0.049020 0.147059 0.009804 0.166667 0.088235 0.088235 0.049020 0.009804 0.029412 0.009804 0.049020 0.068627 
0.069444 0.319444 0.041667 0.013889 0.013889 0.152778 0.013889 0.041667 0.013889 0.013889 0.013889 0.013889 0.041667 0.013889 0.013889 0.013889 0.041667 0.013889 0.013889 0.125000 
